TXT
MeshData
	maxDiffuseMipLevel 0
	hasValidTangents TRUE
	BoundingRadius 2260.372070
	MaxBoundingExtents [ 2181.732422 994.797546 1077.674805 ]
	MinBoundingExtents [ -2181.732422 -1667.970703 -1077.674805 ]
	NumMaterials 1
	Material
		DiffuseTextureFileName "StarBasePhase-cl.dds"
		SelfIlluminationTextureFileName "StarBasePhase-da.dds"
		NormalTextureFileName "StarBasePhase-nm.dds"
		DisplacementTextureFileName ""
		TeamColorTextureFileName ""
		Diffuse ffffffff
		Ambient ffffffff
		Specular ffffffff
		Emissive ffffffff
		Glossiness 50.000000
	NumPoints 59
	Point
		DataString "Above"
		Position [ 0.000000 1326.699951 0.000000 ]
		Orientation
			 [ 1.000000 0.000000 0.000000 ]
			 [ 0.000000 1.000000 0.000000 ]
			 [ 0.000000 0.000000 1.000000 ]
	Point
		DataString "Aura"
		Position [ 0.000000 -1935.000000 0.000000 ]
		Orientation
			 [ 1.000000 0.000000 0.000000 ]
			 [ 0.000000 1.000000 0.000000 ]
			 [ 0.000000 0.000000 1.000000 ]
	Point
		DataString "Center"
		Position [ 0.000000 600.000000 0.000000 ]
		Orientation
			 [ 1.000000 0.000000 0.000000 ]
			 [ 0.000000 1.000000 0.000000 ]
			 [ 0.000000 0.000000 1.000000 ]
	Point
		DataString "Flair-Flair_Blink"
		Position [ -2181.775391 591.036255 0.000191 ]
		Orientation
			 [ -0.000000 0.000000 1.000000 ]
			 [ 0.000000 1.000000 0.000000 ]
			 [ -1.000000 0.000000 -0.000000 ]
	Point
		DataString "Flair-Flair_Blink"
		Position [ 2181.766357 591.037659 -0.000191 ]
		Orientation
			 [ -0.000000 0.000000 -1.000000 ]
			 [ 0.000000 1.000000 0.000000 ]
			 [ 1.000000 0.000000 -0.000000 ]
	Point
		DataString "Flair-Flair_Blink"
		Position [ -1078.751099 849.136658 -1077.684204 ]
		Orientation
			 [ -0.707107 0.000000 0.707107 ]
			 [ 0.000000 1.000000 0.000000 ]
			 [ -0.707107 0.000000 -0.707107 ]
	Point
		DataString "Flair-Flair_Blink"
		Position [ 1078.727661 849.136658 -1077.676514 ]
		Orientation
			 [ -0.707107 0.000000 -0.707107 ]
			 [ 0.000000 1.000000 0.000000 ]
			 [ 0.707107 0.000000 -0.707107 ]
	Point
		DataString "Flair-Flair_Blink"
		Position [ 1078.727905 849.136658 1077.675659 ]
		Orientation
			 [ 0.707107 0.000000 -0.707107 ]
			 [ 0.000000 1.000000 0.000000 ]
			 [ 0.707107 0.000000 0.707107 ]
	Point
		DataString "Flair-Flair_Blink"
		Position [ -1078.722168 849.136658 1077.675903 ]
		Orientation
			 [ 0.707107 0.000000 0.707107 ]
			 [ 0.000000 1.000000 0.000000 ]
			 [ -0.707107 0.000000 0.707107 ]
	Point
		DataString "Hangar"
		Position [ 50.700001 819.700012 -0.000004 ]
		Orientation
			 [ 1.000000 0.000000 0.000000 ]
			 [ 0.000000 -0.000000 -1.000000 ]
			 [ 0.000000 1.000000 -0.000000 ]
	Point
		DataString "Flair-Flair_Starbase_haze"
		Position [ 152.100037 583.099976 338.000000 ]
		Orientation
			 [ 1.000000 0.000000 0.000000 ]
			 [ 0.000000 -0.000000 1.000000 ]
			 [ 0.000000 -1.000000 -0.000000 ]
	Point
		DataString "Flair-Flair_Starbase_haze"
		Position [ -152.099976 583.099976 338.000000 ]
		Orientation
			 [ 1.000000 0.000000 0.000000 ]
			 [ 0.000000 -0.000000 1.000000 ]
			 [ 0.000000 -1.000000 -0.000000 ]
	Point
		DataString "Flair-Flair_Starbase_haze"
		Position [ -152.100037 583.099976 -338.000000 ]
		Orientation
			 [ 1.000000 0.000000 0.000000 ]
			 [ 0.000000 -0.000000 1.000000 ]
			 [ 0.000000 -1.000000 -0.000000 ]
	Point
		DataString "Flair-Flair_Starbase_haze"
		Position [ 152.099976 583.099976 -338.000000 ]
		Orientation
			 [ 1.000000 0.000000 0.000000 ]
			 [ 0.000000 -0.000000 1.000000 ]
			 [ 0.000000 -1.000000 -0.000000 ]
	Point
		DataString "Flair-Flair_Starbase_haze"
		Position [ 0.000000 174.262238 0.000000 ]
		Orientation
			 [ 1.000000 0.000000 0.000000 ]
			 [ 0.000000 -0.000000 1.000000 ]
			 [ 0.000000 -1.000000 -0.000000 ]
	Point
		DataString "Flair-Flair_Blink"
		Position [ 321.435913 152.577179 -0.000028 ]
		Orientation
			 [ -0.000000 -0.000000 -1.000000 ]
			 [ 0.000000 1.000000 -0.000000 ]
			 [ 1.000000 0.000000 -0.000000 ]
	Point
		DataString "Flair-Flair_Blink"
		Position [ -320.475616 152.577179 0.000028 ]
		Orientation
			 [ -0.000000 -0.000000 -1.000000 ]
			 [ 0.000000 1.000000 -0.000000 ]
			 [ 1.000000 0.000000 -0.000000 ]
	Point
		DataString "Hangar"
		Position [ -50.700001 819.700012 0.000004 ]
		Orientation
			 [ 1.000000 0.000000 0.000000 ]
			 [ 0.000000 -0.000000 -1.000000 ]
			 [ 0.000000 1.000000 -0.000000 ]
	Point
		DataString "Hangar"
		Position [ -25.349997 819.700012 43.907494 ]
		Orientation
			 [ 0.500000 0.000000 -0.866025 ]
			 [ -0.866025 -0.000000 -0.500000 ]
			 [ -0.000000 1.000000 -0.000000 ]
	Point
		DataString "Hangar"
		Position [ 25.349997 819.700012 -43.907494 ]
		Orientation
			 [ 0.500000 0.000000 -0.866025 ]
			 [ -0.866025 -0.000000 -0.500000 ]
			 [ -0.000000 1.000000 -0.000000 ]
	Point
		DataString "Hangar"
		Position [ 25.350004 819.700012 43.907486 ]
		Orientation
			 [ -0.500000 0.000000 -0.866025 ]
			 [ -0.866025 -0.000000 0.500000 ]
			 [ -0.000000 1.000000 0.000000 ]
	Point
		DataString "Hangar"
		Position [ -25.350004 819.700012 -43.907486 ]
		Orientation
			 [ -0.500000 0.000000 -0.866025 ]
			 [ -0.866025 -0.000000 0.500000 ]
			 [ -0.000000 1.000000 0.000000 ]
	Point
		DataString "Ability-0"
		Position [ 0.000044 -1032.654419 506.130035 ]
		Orientation
			 [ 1.000000 0.000000 0.000000 ]
			 [ 0.000000 1.000000 0.000000 ]
			 [ 0.000000 0.000000 1.000000 ]
	Point
		DataString "Weapon-1"
		Position [ -1046.046753 787.292236 1045.000488 ]
		Orientation
			 [ 0.707107 0.000000 0.707107 ]
			 [ -0.268460 0.925126 0.268460 ]
			 [ -0.654163 -0.379660 0.654163 ]
	Point
		DataString "Weapon-1"
		Position [ -1046.046997 787.292236 -1046.167480 ]
		Orientation
			 [ -0.707107 0.000000 0.707106 ]
			 [ -0.268460 0.925126 -0.268461 ]
			 [ -0.654162 -0.379660 -0.654163 ]
	Point
		DataString "Weapon-1"
		Position [ 1046.170288 787.292236 -1046.167725 ]
		Orientation
			 [ -0.707107 0.000000 -0.707107 ]
			 [ 0.268460 0.925126 -0.268460 ]
			 [ 0.654163 -0.379660 -0.654163 ]
	Point
		DataString "Weapon-1"
		Position [ 1046.170532 787.292236 1046.767578 ]
		Orientation
			 [ 0.707107 0.000000 -0.707107 ]
			 [ 0.268460 0.925126 0.268460 ]
			 [ 0.654163 -0.379660 0.654163 ]
	Point
		DataString "Weapon-0"
		Position [ 0.000037 641.466797 426.467865 ]
		Orientation
			 [ 1.000000 0.000000 0.000000 ]
			 [ 0.000000 1.000000 0.000000 ]
			 [ 0.000000 0.000000 1.000000 ]
	Point
		DataString "Weapon-0"
		Position [ 0.000034 728.102478 391.569519 ]
		Orientation
			 [ 1.000000 0.000000 0.000000 ]
			 [ 0.000000 0.866025 -0.500000 ]
			 [ 0.000000 0.500000 0.866025 ]
	Point
		DataString "Weapon-0"
		Position [ 0.000029 791.810730 337.322662 ]
		Orientation
			 [ 1.000000 0.000000 0.000000 ]
			 [ 0.000000 0.707107 -0.707107 ]
			 [ 0.000000 0.707107 0.707107 ]
	Point
		DataString "Weapon-0"
		Position [ 0.000025 827.860107 290.854553 ]
		Orientation
			 [ 1.000000 0.000000 0.000000 ]
			 [ 0.000000 0.500000 -0.866025 ]
			 [ 0.000000 0.866025 0.500000 ]
	Point
		DataString "Weapon-0"
		Position [ -0.000025 827.860107 -290.913330 ]
		Orientation
			 [ -1.000000 0.000000 -0.000000 ]
			 [ -0.000000 0.500000 0.866025 ]
			 [ 0.000000 0.866025 -0.500000 ]
	Point
		DataString "Weapon-0"
		Position [ -0.000029 791.810730 -337.381439 ]
		Orientation
			 [ -1.000000 0.000000 -0.000000 ]
			 [ -0.000000 0.707107 0.707107 ]
			 [ 0.000000 0.707107 -0.707107 ]
	Point
		DataString "Weapon-0"
		Position [ -0.000034 728.102478 -391.628296 ]
		Orientation
			 [ -1.000000 0.000000 -0.000000 ]
			 [ -0.000000 0.866025 0.500000 ]
			 [ 0.000000 0.500000 -0.866025 ]
	Point
		DataString "Weapon-0"
		Position [ -0.000037 641.466797 -426.526642 ]
		Orientation
			 [ -1.000000 0.000000 -0.000000 ]
			 [ 0.000000 1.000000 0.000000 ]
			 [ 0.000000 0.000000 -1.000000 ]
	Point
		DataString "Weapon-0"
		Position [ -798.771240 647.542236 143.511078 ]
		Orientation
			 [ 0.707107 0.000000 0.707107 ]
			 [ 0.000000 1.000000 0.000000 ]
			 [ -0.707107 0.000000 0.707107 ]
	Point
		DataString "Weapon-0"
		Position [ -947.040955 630.689819 132.049255 ]
		Orientation
			 [ 0.707107 0.000000 0.707107 ]
			 [ 0.000000 1.000000 0.000000 ]
			 [ -0.707107 0.000000 0.707107 ]
	Point
		DataString "Weapon-0"
		Position [ -1093.301636 611.964355 120.250366 ]
		Orientation
			 [ 0.707107 0.000000 0.707107 ]
			 [ 0.000000 1.000000 0.000000 ]
			 [ -0.707107 0.000000 0.707107 ]
	Point
		DataString "Weapon-0"
		Position [ -1239.844360 595.250366 108.772438 ]
		Orientation
			 [ 0.707107 0.000000 0.707107 ]
			 [ 0.000000 1.000000 0.000000 ]
			 [ -0.707107 0.000000 0.707107 ]
	Point
		DataString "Weapon-0"
		Position [ -1394.028931 582.966736 98.296593 ]
		Orientation
			 [ 0.707107 0.000000 0.707107 ]
			 [ 0.000000 1.000000 0.000000 ]
			 [ -0.707107 0.000000 0.707107 ]
	Point
		DataString "Weapon-0"
		Position [ -798.771240 646.596497 -152.710007 ]
		Orientation
			 [ -0.707107 0.000000 0.707107 ]
			 [ 0.000000 1.000000 0.000000 ]
			 [ -0.707107 0.000000 -0.707107 ]
	Point
		DataString "Weapon-0"
		Position [ -947.040955 629.744141 -138.635208 ]
		Orientation
			 [ -0.707107 0.000000 0.707107 ]
			 [ 0.000000 1.000000 0.000000 ]
			 [ -0.707107 0.000000 -0.707107 ]
	Point
		DataString "Weapon-0"
		Position [ -1093.301636 611.018677 -126.865471 ]
		Orientation
			 [ -0.707107 0.000000 0.707107 ]
			 [ 0.000000 1.000000 0.000000 ]
			 [ -0.707107 0.000000 -0.707107 ]
	Point
		DataString "Weapon-0"
		Position [ -1239.844360 594.304688 -116.365067 ]
		Orientation
			 [ -0.707107 0.000000 0.707107 ]
			 [ 0.000000 1.000000 0.000000 ]
			 [ -0.707107 0.000000 -0.707107 ]
	Point
		DataString "Weapon-0"
		Position [ -1394.028931 582.021057 -104.529175 ]
		Orientation
			 [ -0.707107 0.000000 0.707107 ]
			 [ 0.000000 1.000000 0.000000 ]
			 [ -0.707107 0.000000 -0.707107 ]
	Point
		DataString "Weapon-0"
		Position [ 783.991516 646.596497 143.510941 ]
		Orientation
			 [ 0.707107 0.000000 -0.707107 ]
			 [ 0.000000 1.000000 0.000000 ]
			 [ 0.707107 0.000000 0.707107 ]
	Point
		DataString "Weapon-0"
		Position [ 932.261230 629.744141 129.436127 ]
		Orientation
			 [ 0.707107 0.000000 -0.707107 ]
			 [ 0.000000 1.000000 0.000000 ]
			 [ 0.707107 0.000000 0.707107 ]
	Point
		DataString "Weapon-0"
		Position [ 1078.521973 611.018677 117.666389 ]
		Orientation
			 [ 0.707107 0.000000 -0.707107 ]
			 [ 0.000000 1.000000 0.000000 ]
			 [ 0.707107 0.000000 0.707107 ]
	Point
		DataString "Weapon-0"
		Position [ 1225.064697 594.304688 107.165977 ]
		Orientation
			 [ 0.707107 0.000000 -0.707107 ]
			 [ 0.000000 1.000000 0.000000 ]
			 [ 0.707107 0.000000 0.707107 ]
	Point
		DataString "Weapon-0"
		Position [ 1379.249146 582.021057 95.330086 ]
		Orientation
			 [ 0.707107 0.000000 -0.707107 ]
			 [ 0.000000 1.000000 0.000000 ]
			 [ 0.707107 0.000000 0.707107 ]
	Point
		DataString "Weapon-0"
		Position [ 783.991516 647.542236 -152.710144 ]
		Orientation
			 [ -0.707107 0.000000 -0.707107 ]
			 [ 0.000000 1.000000 0.000000 ]
			 [ 0.707107 0.000000 -0.707107 ]
	Point
		DataString "Weapon-0"
		Position [ 932.261230 630.689819 -141.248337 ]
		Orientation
			 [ -0.707107 0.000000 -0.707107 ]
			 [ 0.000000 1.000000 0.000000 ]
			 [ 0.707107 0.000000 -0.707107 ]
	Point
		DataString "Weapon-0"
		Position [ 1078.521973 611.964355 -129.449448 ]
		Orientation
			 [ -0.707107 0.000000 -0.707107 ]
			 [ 0.000000 1.000000 0.000000 ]
			 [ 0.707107 0.000000 -0.707107 ]
	Point
		DataString "Weapon-0"
		Position [ 1225.064697 595.250366 -117.971527 ]
		Orientation
			 [ -0.707107 0.000000 -0.707107 ]
			 [ 0.000000 1.000000 0.000000 ]
			 [ 0.707107 0.000000 -0.707107 ]
	Point
		DataString "Weapon-0"
		Position [ 1379.249146 582.966736 -107.495682 ]
		Orientation
			 [ -0.707107 0.000000 -0.707107 ]
			 [ 0.000000 1.000000 0.000000 ]
			 [ 0.707107 0.000000 -0.707107 ]
	Point
		DataString "Flair-Flair_Starbase_haze"
		Position [ 0.000000 718.828430 0.000000 ]
		Orientation
			 [ 1.000000 0.000000 0.000000 ]
			 [ 0.000000 0.000000 -1.000000 ]
			 [ 0.000000 1.000000 0.000000 ]
	Point
		DataString "Ability-1"
		Position [ 0.000000 19.240227 0.000000 ]
		Orientation
			 [ 1.000000 0.000000 0.000000 ]
			 [ 0.000000 1.000000 0.000000 ]
			 [ 0.000000 0.000000 1.000000 ]
	Point
		DataString "Ability-2"
		Position [ 0.000000 150.000000 0.000000 ]
		Orientation
			 [ 1.000000 0.000000 0.000000 ]
			 [ 0.000000 -0.000000 1.000000 ]
			 [ 0.000000 -1.000000 -0.000000 ]
	Point
		DataString "Flair-Flair_PhaseStarbase_core"
		Position [ 0.000000 702.098633 0.000000 ]
		Orientation
			 [ 1.000000 0.000000 0.000000 ]
			 [ 0.000000 1.000000 0.000000 ]
			 [ 0.000000 0.000000 1.000000 ]
	NumVertices 6577
	Vertex
		Position [ 325.041748 798.596313 48.414757 ]
		Normal [ 0.634802 0.762426 0.125432 ]
		Tangent [ -0.270588 0.247059 0.866667 ]
		Color 0
		U0 0.531644
		V0 0.200974
		U1 -0.166734
		V1 -0.212565
	Vertex
		Position [ 295.060150 818.517334 79.061218 ]
		Normal [ 0.556078 0.819497 0.138571 ]
		Tangent [ -0.258824 0.270588 0.874510 ]
		Color 0
		U0 0.505435
		V0 0.200707
		U1 -0.167002
		V1 -0.199461
	Vertex
		Position [ 305.468842 818.517334 -0.000027 ]
		Normal [ 0.546636 0.837370 -0.000000 ]
		Tangent [ -0.203922 0.305882 0.854902 ]
		Color 0
		U0 0.537742
		V0 0.185385
		U1 -0.182324
		V1 -0.215614
	Vertex
		Position [ 325.041748 798.596313 48.414757 ]
		Normal [ 0.395707 0.853120 0.340004 ]
		Tangent [ -0.043137 0.290196 0.490196 ]
		Color 0
		U0 0.887311
		V0 0.540744
		U1 1.266011
		V1 -0.267245
	Vertex
		Position [ 387.986816 768.665405 48.414749 ]
		Normal [ 0.292761 0.907795 0.300333 ]
		Tangent [ -0.023529 0.345098 0.498039 ]
		Color 0
		U0 0.885885
		V0 0.515916
		U1 1.290840
		V1 -0.267958
	Vertex
		Position [ 361.372711 754.515015 96.829872 ]
		Normal [ 0.244101 0.762238 0.599507 ]
		Tangent [ -0.035294 0.317647 0.537255 ]
		Color 0
		U0 0.848056
		V0 0.523341
		U1 1.283414
		V1 -0.286873
	Vertex
		Position [ 479.834930 754.515015 36.521194 ]
		Normal [ 0.185813 0.948571 0.256295 ]
		Tangent [ -0.007843 0.400000 0.509804 ]
		Color 0
		U0 0.896478
		V0 0.482810
		U1 1.323946
		V1 -0.262662
	Vertex
		Position [ 483.005371 744.908691 67.581024 ]
		Normal [ 0.163388 0.723173 0.671063 ]
		Tangent [ -0.031373 0.329412 0.564706 ]
		Color 0
		U0 0.873744
		V0 0.480741
		U1 1.326015
		V1 -0.274028
	Vertex
		Position [ 479.834930 754.515015 36.521194 ]
		Normal [ -0.875440 -0.483271 -0.007370 ]
		Tangent [ -0.349020 0.223529 0.890196 ]
		Color 0
		U0 0.627049
		V0 0.231727
		U1 1.416930
		V1 -0.264754
	Vertex
		Position [ 429.466187 844.705261 -0.000038 ]
		Normal [ -0.820785 -0.571237 0.000000 ]
		Tangent [ -0.298039 0.207843 0.854902 ]
		Color 0
		U0 0.576089
		V0 0.215795
		U1 1.391450
		V1 -0.280686
	Vertex
		Position [ 431.950470 842.676880 44.282692 ]
		Normal [ -0.772076 -0.635380 0.013816 ]
		Tangent [ -0.290196 0.250980 0.878431 ]
		Color 0
		U0 0.595980
		V0 0.208659
		U1 1.401395
		V1 -0.287822
	Vertex
		Position [ 483.005371 744.908691 67.581024 ]
		Normal [ -0.900172 -0.393408 0.186869 ]
		Tangent [ -0.309804 0.247059 0.886275 ]
		Color 0
		U0 0.643693
		V0 0.228626
		U1 1.425252
		V1 -0.267855
	Vertex
		Position [ 505.955566 679.982971 104.070831 ]
		Normal [ 0.048496 0.158116 0.986229 ]
		Tangent [ -0.070588 0.239216 0.517647 ]
		Color 0
		U0 0.565753
		V0 0.164222
		U1 1.123066
		V1 -0.223179
	Vertex
		Position [ 526.516113 587.783875 104.070831 ]
		Normal [ 0.109821 -0.002423 0.993948 ]
		Tangent [ -0.078431 0.231373 0.450980 ]
		Color 0
		U0 0.602091
		V0 0.145774
		U1 1.141235
		V1 -0.241627
	Vertex
		Position [ 426.522186 600.000000 111.809349 ]
		Normal [ 0.109821 -0.002423 0.993948 ]
		Tangent [ -0.078431 0.231373 0.450980 ]
		Color 0
		U0 0.551928
		V0 0.134033
		U1 1.116153
		V1 -0.253369
	Vertex
		Position [ 403.058228 679.982971 107.999413 ]
		Normal [ 0.077726 0.240973 0.967414 ]
		Tangent [ -0.070588 0.239216 0.529412 ]
		Color 0
		U0 0.517851
		V0 0.149290
		U1 1.099115
		V1 -0.238111
	Vertex
		Position [ 483.005371 744.908691 67.581024 ]
		Normal [ 0.163388 0.723173 0.671063 ]
		Tangent [ -0.031373 0.329412 0.564706 ]
		Color 0
		U0 0.532680
		V0 0.178695
		U1 1.106529
		V1 -0.208706
	Vertex
		Position [ 492.888489 717.248840 93.836868 ]
		Normal [ 0.085569 0.339287 0.936783 ]
		Tangent [ -0.074510 0.239216 0.552941 ]
		Color 0
		U0 0.548613
		V0 0.171405
		U1 1.114496
		V1 -0.215996
	Vertex
		Position [ 361.372711 754.515015 96.829872 ]
		Normal [ 0.244101 0.762238 0.599507 ]
		Tangent [ -0.035294 0.317647 0.537255 ]
		Color 0
		U0 0.475419
		V0 0.159642
		U1 1.077899
		V1 -0.227759
	Vertex
		Position [ 477.668365 758.900574 -0.000042 ]
		Normal [ 0.207537 0.978227 -0.000000 ]
		Tangent [ -0.007843 0.396078 0.498039 ]
		Color 0
		U0 0.922296
		V0 0.483997
		U1 1.322759
		V1 -0.249752
	Vertex
		Position [ 394.361511 779.635193 -0.000034 ]
		Normal [ 0.311497 0.950247 -0.000000 ]
		Tangent [ -0.023529 0.341176 0.498039 ]
		Color 0
		U0 0.922362
		V0 0.514975
		U1 1.291781
		V1 -0.249720
	Vertex
		Position [ 531.569214 462.626312 106.044754 ]
		Normal [ -0.651960 -0.128610 0.747267 ]
		Tangent [ -0.141176 0.274510 0.768627 ]
		Color 0
		U0 0.743466
		V0 0.289866
		U1 1.475138
		V1 -0.206616
	Vertex
		Position [ 507.239990 388.847687 66.795853 ]
		Normal [ -0.422323 -0.123808 0.897951 ]
		Tangent [ -0.074510 0.294118 0.670588 ]
		Color 0
		U0 0.740905
		V0 0.313645
		U1 1.473858
		V1 -0.182836
	Vertex
		Position [ 491.962372 394.562592 61.534210 ]
		Normal [ -0.422323 -0.123808 0.897951 ]
		Tangent [ -0.074510 0.294118 0.670588 ]
		Color 0
		U0 0.731541
		V0 0.313922
		U1 1.469176
		V1 -0.182560
	Vertex
		Position [ 512.154480 467.802795 92.304375 ]
		Normal [ -0.651960 -0.128610 0.747267 ]
		Tangent [ -0.141176 0.274510 0.768627 ]
		Color 0
		U0 0.730554
		V0 0.291500
		U1 1.468682
		V1 -0.204981
	Vertex
		Position [ 531.569214 462.626312 106.044754 ]
		Normal [ -0.498545 -0.272514 0.822915 ]
		Tangent [ -0.101961 0.615686 0.776471 ]
		Color 0
		U0 0.651456
		V0 0.266368
		U1 1.259692
		V1 -0.562312
	Vertex
		Position [ 549.882080 585.183167 140.148956 ]
		Normal [ -0.689652 -0.234885 0.684988 ]
		Tangent [ -0.176471 0.439216 0.874510 ]
		Color 0
		U0 0.684648
		V0 0.297443
		U1 1.276289
		V1 -0.531237
	Vertex
		Position [ 572.764648 582.541260 163.945160 ]
		Normal [ -0.689652 -0.234885 0.684988 ]
		Tangent [ -0.168627 0.588235 0.862745 ]
		Color 0
		U0 0.702167
		V0 0.295061
		U1 1.285048
		V1 -0.533620
	Vertex
		Position [ 554.370728 457.449860 117.351189 ]
		Normal [ -0.498545 -0.272514 0.822915 ]
		Tangent [ -0.101961 0.615686 0.776471 ]
		Color 0
		U0 0.664339
		V0 0.263337
		U1 1.266134
		V1 -0.565344
	Vertex
		Position [ 305.468842 818.517334 -0.000027 ]
		Normal [ 0.412788 0.910827 -0.000000 ]
		Tangent [ -0.043137 0.290196 0.498039 ]
		Color 0
		U0 0.922113
		V0 0.549816
		U1 1.256940
		V1 -0.249844
	Vertex
		Position [ 331.106842 569.603210 88.719902 ]
		Normal [ -0.396713 -0.795209 0.458542 ]
		Tangent [ -0.200000 0.717647 0.835294 ]
		Color 0
		U0 0.751500
		V0 0.317689
		U1 0.612870
		V1 0.317689
	Vertex
		Position [ 417.494232 539.077881 148.638168 ]
		Normal [ -0.396713 -0.795209 0.458542 ]
		Tangent [ -0.215686 0.588235 0.901961 ]
		Color 0
		U0 0.801697
		V0 0.334136
		U1 0.637968
		V1 0.334136
	Vertex
		Position [ 449.732666 478.155731 111.809349 ]
		Normal [ -0.452821 -0.430514 0.780775 ]
		Tangent [ -0.133333 0.662745 0.800000 ]
		Color 0
		U0 0.790365
		V0 0.354794
		U1 0.632302
		V1 0.354794
	Vertex
		Position [ 368.872925 508.525360 85.646126 ]
		Normal [ -0.452821 -0.430514 0.780775 ]
		Tangent [ -0.133333 0.662745 0.800000 ]
		Color 0
		U0 0.755396
		V0 0.337294
		U1 0.614817
		V1 0.337294
	Vertex
		Position [ 417.494232 539.077881 148.638168 ]
		Normal [ 0.867889 0.156415 0.471490 ]
		Tangent [ -0.529412 0.043137 0.701961 ]
		Color 0
		U0 0.576497
		V0 0.284155
		U1 -0.083554
		V1 -0.234992
	Vertex
		Position [ 426.522186 600.000000 111.809349 ]
		Normal [ 0.861445 0.194511 0.469124 ]
		Tangent [ -0.513726 0.047059 0.713726 ]
		Color 0
		U0 0.582015
		V0 0.264062
		U1 -0.103647
		V1 -0.237751
	Vertex
		Position [ 449.732666 478.155731 111.809349 ]
		Normal [ 0.860611 0.163940 0.482154 ]
		Tangent [ -0.525490 0.043137 0.705882 ]
		Color 0
		U0 0.614975
		V0 0.295003
		U1 -0.072705
		V1 -0.254230
	Vertex
		Position [ 403.832245 262.311646 36.722652 ]
		Normal [ -0.311478 -0.845148 0.434402 ]
		Tangent [ -0.054902 0.274510 0.443137 ]
		Color 0
		U0 0.652646
		V0 0.051317
		U1 1.166512
		V1 -0.336084
	Vertex
		Position [ 403.754517 242.010681 -0.000035 ]
		Normal [ -0.345811 -0.938304 0.000000 ]
		Tangent [ -0.054902 0.333333 0.329412 ]
		Color 0
		U0 0.664457
		V0 0.041447
		U1 1.172418
		V1 -0.345954
	Vertex
		Position [ 384.552734 250.541794 -0.000034 ]
		Normal [ -0.345811 -0.938304 0.000000 ]
		Tangent [ -0.054902 0.333333 0.329412 ]
		Color 0
		U0 0.653612
		V0 0.039510
		U1 1.166995
		V1 -0.347891
	Vertex
		Position [ 387.669098 267.555695 38.165237 ]
		Normal [ -0.311478 -0.845148 0.434402 ]
		Tangent [ -0.098039 0.254902 0.321569 ]
		Color 0
		U0 0.643751
		V0 0.049884
		U1 1.162065
		V1 -0.337518
	Vertex
		Position [ 339.585205 211.948959 25.479458 ]
		Normal [ 0.227982 0.973639 -0.007207 ]
		Tangent [ -0.419608 0.450980 0.988235 ]
		Color 0
		U0 0.573776
		V0 0.451777
		U1 -0.271728
		V1 0.455274
	Vertex
		Position [ 333.175720 217.519196 -0.000029 ]
		Normal [ 0.227988 0.973664 -0.000000 ]
		Tangent [ -0.498039 0.509804 0.996078 ]
		Color 0
		U0 0.570130
		V0 0.465065
		U1 -0.285016
		V1 0.453451
	Vertex
		Position [ 371.113861 204.377762 -0.000032 ]
		Normal [ 0.227988 0.973664 -0.000000 ]
		Tangent [ -0.505882 0.498039 0.996078 ]
		Color 0
		U0 0.605454
		V0 0.465103
		U1 -0.285054
		V1 0.471113
	Vertex
		Position [ 362.244751 210.901154 25.479456 ]
		Normal [ 0.227982 0.973639 -0.007207 ]
		Tangent [ -0.560784 0.580392 0.988235 ]
		Color 0
		U0 0.599789
		V0 0.451314
		U1 -0.271265
		V1 0.468281
	Vertex
		Position [ 315.025452 181.589798 14.522243 ]
		Normal [ -0.129180 -0.157859 0.978976 ]
		Tangent [ -0.035294 0.313726 0.529412 ]
		Color 0
		U0 0.684339
		V0 0.387074
		U1 1.445575
		V1 -0.109408
	Vertex
		Position [ 339.585205 211.948959 25.479458 ]
		Normal [ -0.129180 -0.157859 0.978976 ]
		Tangent [ -0.035294 0.313726 0.529412 ]
		Color 0
		U0 0.690759
		V0 0.376451
		U1 1.448785
		V1 -0.120030
	Vertex
		Position [ 362.244751 210.901154 25.479456 ]
		Normal [ -0.134596 -0.119991 0.983609 ]
		Tangent [ -0.035294 0.309804 0.537255 ]
		Color 0
		U0 0.702568
		V0 0.374539
		U1 1.454689
		V1 -0.121942
	Vertex
		Position [ 320.654846 159.487976 14.522243 ]
		Normal [ -0.126748 -0.133806 0.982869 ]
		Tangent [ -0.035294 0.309804 0.533333 ]
		Color 0
		U0 0.691811
		V0 0.392072
		U1 1.449311
		V1 -0.104410
	Vertex
		Position [ 308.616638 187.160034 -0.000027 ]
		Normal [ -0.990102 0.140352 0.000000 ]
		Tangent [ -0.494118 0.513726 0.996078 ]
		Color 0
		U0 0.534965
		V0 0.465463
		U1 -0.285415
		V1 0.435869
	Vertex
		Position [ 315.025452 181.589798 14.522243 ]
		Normal [ -0.934367 0.132451 0.330779 ]
		Tangent [ -0.341176 0.431373 0.968627 ]
		Color 0
		U0 0.530726
		V0 0.456815
		U1 -0.276767
		V1 0.433749
	Vertex
		Position [ 320.654846 159.487976 14.522243 ]
		Normal [ -0.932251 -0.297475 0.205951 ]
		Tangent [ -0.462745 0.572549 0.992157 ]
		Color 0
		U0 0.503164
		V0 0.457648
		U1 -0.277600
		V1 0.419968
	Vertex
		Position [ 320.950256 152.967957 -0.000028 ]
		Normal [ -0.952675 -0.303992 0.000000 ]
		Tangent [ -0.501961 0.505882 0.996078 ]
		Color 0
		U0 0.496501
		V0 0.466692
		U1 -0.286643
		V1 0.416637
	Vertex
		Position [ 464.658752 324.268738 51.754181 ]
		Normal [ -0.061313 -0.172569 0.983087 ]
		Tangent [ -0.031373 0.321569 0.494118 ]
		Color 0
		U0 0.731855
		V0 0.334727
		U1 1.469333
		V1 -0.161755
	Vertex
		Position [ 451.426025 328.437286 47.822567 ]
		Normal [ -0.260701 -0.021224 0.965186 ]
		Tangent [ -0.050980 0.305882 0.615686 ]
		Color 0
		U0 0.724010
		V0 0.335140
		U1 1.465410
		V1 -0.161342
	Vertex
		Position [ 22.123175 884.248535 -82.564613 ]
		Normal [ -0.918515 0.000000 0.395387 ]
		Tangent [ -0.694118 0.490196 0.039216 ]
		Color 0
		U0 0.599439
		V0 0.439127
		U1 0.536839
		V1 0.439127
	Vertex
		Position [ -0.000014 871.826050 -163.904312 ]
		Normal [ -0.964945 0.000000 0.262451 ]
		Tangent [ -0.776471 0.427451 0.090196 ]
		Color 0
		U0 0.677249
		V0 0.444317
		U1 0.575744
		V1 0.444317
	Vertex
		Position [ -0.000014 883.063843 -163.904312 ]
		Normal [ -0.964945 0.000000 0.262451 ]
		Tangent [ -0.498039 0.490196 0.000000 ]
		Color 0
		U0 0.677109
		V0 0.439141
		U1 0.575674
		V1 0.439141
	Vertex
		Position [ 22.123175 895.486389 -82.564613 ]
		Normal [ -0.918515 0.000000 0.395387 ]
		Tangent [ -0.694118 0.490196 0.039216 ]
		Color 0
		U0 0.599299
		V0 0.433950
		U1 0.536769
		V1 0.433950
	Vertex
		Position [ 42.738739 884.248535 -74.025719 ]
		Normal [ 0.413385 0.000000 0.910556 ]
		Tangent [ -0.952941 0.490196 0.705882 ]
		Color 0
		U0 0.573987
		V0 0.439302
		U1 0.524113
		V1 0.439302
	Vertex
		Position [ 29.313416 885.843872 -70.768753 ]
		Normal [ 0.235760 0.000000 0.971811 ]
		Tangent [ -0.984314 0.490196 0.615686 ]
		Color 0
		U0 0.586693
		V0 0.438480
		U1 0.530466
		V1 0.438480
	Vertex
		Position [ 29.313416 897.082031 -70.768753 ]
		Normal [ 0.235760 0.000000 0.971811 ]
		Tangent [ -0.984314 0.490196 0.615686 ]
		Color 0
		U0 0.586553
		V0 0.433302
		U1 0.530396
		V1 0.433302
	Vertex
		Position [ 42.738739 895.486389 -74.025719 ]
		Normal [ 0.369915 0.000000 0.929065 ]
		Tangent [ -0.960784 0.490196 0.682353 ]
		Color 0
		U0 0.573844
		V0 0.434124
		U1 0.524041
		V1 0.434124
	Vertex
		Position [ 101.414528 874.285339 -107.608391 ]
		Normal [ 0.496737 0.000000 0.867901 ]
		Tangent [ -0.933333 0.490196 0.745098 ]
		Color 0
		U0 0.511834
		V0 0.444317
		U1 0.493036
		V1 0.444317
	Vertex
		Position [ 101.414528 879.904236 -107.608391 ]
		Normal [ 0.496737 0.000000 0.867901 ]
		Tangent [ -0.933333 0.490196 0.745098 ]
		Color 0
		U0 0.511762
		V0 0.441728
		U1 0.493000
		V1 0.441728
	Vertex
		Position [ 333.175720 217.519196 -0.000029 ]
		Normal [ -0.813385 0.581726 0.000000 ]
		Tangent [ -0.498039 0.509804 0.996078 ]
		Color 0
		U0 0.570130
		V0 0.465065
		U1 -0.285016
		V1 0.453451
	Vertex
		Position [ 339.585205 211.948959 25.479458 ]
		Normal [ -0.749214 0.535832 0.389310 ]
		Tangent [ -0.419608 0.450980 0.988235 ]
		Color 0
		U0 0.573776
		V0 0.451777
		U1 -0.271728
		V1 0.455274
	Vertex
		Position [ 464.658752 324.268738 51.754181 ]
		Normal [ -0.061313 -0.172569 0.983087 ]
		Tangent [ -0.047059 0.701961 0.560784 ]
		Color 0
		U0 0.583624
		V0 0.236693
		U1 1.225777
		V1 -0.591987
	Vertex
		Position [ 474.572266 320.100159 47.571430 ]
		Normal [ 0.142812 -0.313622 0.938747 ]
		Tangent [ -0.047059 0.709804 0.501961 ]
		Color 0
		U0 0.587602
		V0 0.234234
		U1 1.227766
		V1 -0.594447
	Vertex
		Position [ 419.992035 257.068573 38.815884 ]
		Normal [ -0.064616 -0.148319 0.986826 ]
		Tangent [ -0.050980 0.713726 0.560784 ]
		Color 0
		U0 0.545772
		V0 0.224713
		U1 1.206851
		V1 -0.603967
	Vertex
		Position [ 378.404510 205.655396 26.931910 ]
		Normal [ -0.126386 -0.116580 0.985107 ]
		Tangent [ -0.035294 0.309804 0.533333 ]
		Color 0
		U0 0.711873
		V0 0.374180
		U1 1.459342
		V1 -0.122302
	Vertex
		Position [ 378.404510 205.655396 26.931910 ]
		Normal [ 0.615122 -0.712742 0.337081 ]
		Tangent [ -0.552941 0.670588 0.964706 ]
		Color 0
		U0 0.717093
		V0 0.433055
		U1 2.021291
		V1 0.281787
	Vertex
		Position [ 380.439270 195.846634 -0.000033 ]
		Normal [ 0.653359 -0.757048 -0.000000 ]
		Tangent [ -0.498039 0.498039 0.996078 ]
		Color 0
		U0 0.702921
		V0 0.429767
		U1 2.007170
		V1 0.282286
	Vertex
		Position [ 320.950256 152.967957 -0.000028 ]
		Normal [ 0.580862 -0.814002 -0.000000 ]
		Tangent [ -0.501961 0.505882 0.996078 ]
		Color 0
		U0 0.681164
		V0 0.446472
		U1 2.007170
		V1 0.318726
	Vertex
		Position [ 320.654846 159.487976 14.522243 ]
		Normal [ 0.547688 -0.767513 0.333109 ]
		Tangent [ -0.462745 0.572549 0.992157 ]
		Color 0
		U0 0.689292
		V0 0.447959
		U1 2.014785
		V1 0.317865
	Vertex
		Position [ 74.025719 884.248535 -42.738754 ]
		Normal [ -0.910556 0.000000 -0.413385 ]
		Tangent [ -0.705882 0.490196 0.952941 ]
		Color 0
		U0 0.573987
		V0 0.439302
		U1 0.524113
		V1 0.439302
	Vertex
		Position [ 107.608376 879.904236 -101.414543 ]
		Normal [ -0.867901 0.000000 -0.496737 ]
		Tangent [ -0.745098 0.490196 0.933333 ]
		Color 0
		U0 0.511762
		V0 0.441728
		U1 0.493000
		V1 0.441728
	Vertex
		Position [ 107.608376 885.523132 -101.414543 ]
		Normal [ -0.867901 0.000000 -0.496737 ]
		Tangent [ -0.745098 0.490196 0.933333 ]
		Color 0
		U0 0.511690
		V0 0.439141
		U1 0.492965
		V1 0.439141
	Vertex
		Position [ 74.025719 895.486389 -42.738754 ]
		Normal [ -0.929065 0.000000 -0.369915 ]
		Tangent [ -0.682353 0.490196 0.960784 ]
		Color 0
		U0 0.573844
		V0 0.434124
		U1 0.524041
		V1 0.434124
	Vertex
		Position [ 491.962372 394.562592 61.534210 ]
		Normal [ 0.310012 -0.391829 0.866235 ]
		Tangent [ -0.121569 0.270588 0.258824 ]
		Color 0
		U0 0.649694
		V0 0.095382
		U1 1.165036
		V1 -0.292019
	Vertex
		Position [ 451.426025 328.437286 47.822567 ]
		Normal [ 0.282708 -0.377618 0.881749 ]
		Tangent [ -0.117647 0.262745 0.274510 ]
		Color 0
		U0 0.652968
		V0 0.073855
		U1 1.166673
		V1 -0.313546
	Vertex
		Position [ 431.595581 336.774048 60.198776 ]
		Normal [ 0.282708 -0.377618 0.881749 ]
		Tangent [ -0.117647 0.262745 0.274510 ]
		Color 0
		U0 0.639457
		V0 0.073053
		U1 1.159918
		V1 -0.314349
	Vertex
		Position [ 453.555450 405.992401 82.333046 ]
		Normal [ 0.310012 -0.391829 0.866235 ]
		Tangent [ -0.121569 0.270588 0.258824 ]
		Color 0
		U0 0.625548
		V0 0.092665
		U1 1.152963
		V1 -0.294737
	Vertex
		Position [ 296.862030 569.603210 171.393341 ]
		Normal [ -0.024673 -0.978916 0.202766 ]
		Tangent [ -0.250980 0.654902 0.901961 ]
		Color 0
		U0 0.786182
		V0 0.300342
		U1 0.630210
		V1 0.300342
	Vertex
		Position [ 242.386917 569.603210 242.386887 ]
		Normal [ 0.178265 -0.955910 0.233361 ]
		Tangent [ -0.247059 0.752941 0.847059 ]
		Color 0
		U0 0.805108
		V0 0.277713
		U1 0.639673
		V1 0.277713
	Vertex
		Position [ 305.468872 600.000000 305.468811 ]
		Normal [ 0.178265 -0.955910 0.233361 ]
		Tangent [ -0.266667 0.643137 0.917647 ]
		Color 0
		U0 0.854999
		V0 0.284427
		U1 0.664619
		V1 0.284427
	Vertex
		Position [ 374.122101 585.532349 215.999207 ]
		Normal [ -0.024673 -0.978916 0.202766 ]
		Tangent [ -0.270588 0.584314 0.933333 ]
		Color 0
		U0 0.829172
		V0 0.312790
		U1 0.651706
		V1 0.312790
	Vertex
		Position [ 171.393402 569.603210 296.862030 ]
		Normal [ 0.161259 -0.946563 0.279310 ]
		Tangent [ -0.254902 0.756863 0.850980 ]
		Color 0
		U0 0.811906
		V0 0.253421
		U1 0.643072
		V1 0.253421
	Vertex
		Position [ 215.999268 600.000000 374.122040 ]
		Normal [ 0.161259 -0.946563 0.279310 ]
		Tangent [ -0.266667 0.658824 0.909804 ]
		Color 0
		U0 0.863569
		V0 0.253813
		U1 0.668904
		V1 0.253813
	Vertex
		Position [ 362.244751 210.901154 25.479456 ]
		Normal [ -0.691475 0.622672 -0.366254 ]
		Tangent [ -0.560784 0.580392 0.988235 ]
		Color 0
		U0 0.599789
		V0 0.451314
		U1 -0.271265
		V1 0.468281
	Vertex
		Position [ 371.113861 204.377762 -0.000032 ]
		Normal [ -0.743110 0.669169 0.000000 ]
		Tangent [ -0.505882 0.498039 0.996078 ]
		Color 0
		U0 0.605454
		V0 0.465103
		U1 -0.285054
		V1 0.471113
	Vertex
		Position [ 403.754517 242.010681 -0.000035 ]
		Normal [ -0.743110 0.669169 0.000000 ]
		Tangent [ -0.501961 0.494118 0.996078 ]
		Color 0
		U0 0.653502
		V0 0.465808
		U1 -0.285760
		V1 0.495137
	Vertex
		Position [ 403.832245 262.311646 36.722652 ]
		Normal [ -0.691475 0.622672 -0.366254 ]
		Tangent [ -0.603922 0.650980 0.960784 ]
		Color 0
		U0 0.669549
		V0 0.445153
		U1 -0.265105
		V1 0.503161
	Vertex
		Position [ 403.832245 262.311646 36.722652 ]
		Normal [ -0.183333 -0.059808 0.981230 ]
		Tangent [ -0.054902 0.274510 0.443137 ]
		Color 0
		U0 0.713330
		V0 0.356994
		U1 1.460070
		V1 -0.139488
	Vertex
		Position [ 419.992035 257.068573 38.815884 ]
		Normal [ -0.064616 -0.148319 0.986826 ]
		Tangent [ -0.031373 0.313726 0.501961 ]
		Color 0
		U0 0.722667
		V0 0.356608
		U1 1.464738
		V1 -0.139874
	Vertex
		Position [ 419.992035 257.068573 38.815884 ]
		Normal [ 0.697614 -0.638344 0.325349 ]
		Tangent [ -0.552941 0.674510 0.960784 ]
		Color 0
		U0 0.744042
		V0 0.420726
		U1 2.027523
		V1 0.252995
	Vertex
		Position [ 431.903168 247.259827 -0.000038 ]
		Normal [ 0.737752 -0.675072 -0.000000 ]
		Tangent [ -0.498039 0.498039 0.996078 ]
		Color 0
		U0 0.726120
		V0 0.413752
		U1 2.007170
		V1 0.248546
	Vertex
		Position [ 88.719963 569.603210 331.106842 ]
		Normal [ 0.083471 -0.946562 0.311532 ]
		Tangent [ -0.258824 0.745098 0.858824 ]
		Color 0
		U0 0.806585
		V0 0.229037
		U1 0.640412
		V1 0.229037
	Vertex
		Position [ 111.809425 600.000000 417.277893 ]
		Normal [ 0.067283 -0.946813 0.314671 ]
		Tangent [ -0.266667 0.650980 0.913725 ]
		Color 0
		U0 0.856861
		V0 0.223084
		U1 0.665550
		V1 0.223084
	Vertex
		Position [ 22.179962 569.603210 339.865753 ]
		Normal [ 0.038650 -0.946133 0.321462 ]
		Tangent [ -0.349020 0.725490 0.917647 ]
		Color 0
		U0 0.793747
		V0 0.211797
		U1 0.633993
		V1 0.211797
	Vertex
		Position [ 492.888489 717.248840 93.836868 ]
		Normal [ -0.905818 -0.244207 0.346204 ]
		Tangent [ -0.286275 0.258824 0.882353 ]
		Color 0
		U0 0.664658
		V0 0.231140
		U1 1.435734
		V1 -0.265341
	Vertex
		Position [ 512.462097 738.033142 154.105988 ]
		Normal [ -0.905818 -0.244207 0.346204 ]
		Tangent [ -0.286275 0.258824 0.882353 ]
		Color 0
		U0 0.689163
		V0 0.217620
		U1 1.447987
		V1 -0.278861
	Vertex
		Position [ 536.220093 684.386108 170.511826 ]
		Normal [ -0.873927 -0.234442 0.425780 ]
		Tangent [ -0.223529 0.415686 0.905882 ]
		Color 0
		U0 0.715671
		V0 0.227728
		U1 1.461241
		V1 -0.268753
	Vertex
		Position [ 505.955566 679.982971 104.070831 ]
		Normal [ -0.873927 -0.234442 0.425780 ]
		Tangent [ -0.254902 0.266667 0.870588 ]
		Color 0
		U0 0.681728
		V0 0.238333
		U1 1.444269
		V1 -0.258148
	Vertex
		Position [ 357.171356 934.686951 50.554966 ]
		Normal [ 0.366797 0.733379 0.572377 ]
		Tangent [ -0.384314 0.760784 0.090196 ]
		Color 0
		U0 0.134495
		V0 0.014992
		U1 0.324708
		V1 -0.779875
	Vertex
		Position [ 439.775177 883.175049 57.084442 ]
		Normal [ 0.342724 0.727245 0.594689 ]
		Tangent [ -0.380392 0.772549 0.098039 ]
		Color 0
		U0 0.127311
		V0 0.040398
		U1 0.321116
		V1 -0.754469
	Vertex
		Position [ 449.141174 856.422668 114.168587 ]
		Normal [ 0.417865 0.823360 0.384015 ]
		Tangent [ -0.427451 0.678431 0.035294 ]
		Color 0
		U0 0.095184
		V0 0.045241
		U1 0.305052
		V1 -0.749626
	Vertex
		Position [ 383.680695 894.544006 91.081841 ]
		Normal [ 0.412003 0.815131 0.407205 ]
		Tangent [ -0.423529 0.686275 0.043137 ]
		Color 0
		U0 0.108859
		V0 0.025525
		U1 0.311890
		V1 -0.769342
	Vertex
		Position [ 1080.579224 618.544128 149.997208 ]
		Normal [ 0.140298 0.487757 0.861632 ]
		Tangent [ -0.403922 0.917647 0.243137 ]
		Color 0
		U0 0.065711
		V0 0.227181
		U1 0.290316
		V1 -0.567686
	Vertex
		Position [ 1080.579224 647.758362 133.115799 ]
		Normal [ 0.152355 0.611050 0.776792 ]
		Tangent [ -0.415686 0.878431 0.184314 ]
		Color 0
		U0 0.083719
		V0 0.225435
		U1 0.299320
		V1 -0.569432
	Vertex
		Position [ 1272.586914 621.688232 117.338951 ]
		Normal [ 0.131046 0.610183 0.781347 ]
		Tangent [ -0.443137 0.886275 0.188235 ]
		Color 0
		U0 0.094165
		V0 0.278507
		U1 0.304543
		V1 -0.516361
	Vertex
		Position [ 1272.586914 595.601196 132.219406 ]
		Normal [ 0.126547 0.485742 0.864893 ]
		Tangent [ -0.435294 0.925490 0.247059 ]
		Color 0
		U0 0.077824
		V0 0.279624
		U1 0.296373
		V1 -0.515244
	Vertex
		Position [ 1080.579224 676.972717 101.253220 ]
		Normal [ 0.172935 0.845559 0.505098 ]
		Tangent [ -0.443137 0.745098 0.066667 ]
		Color 0
		U0 0.107110
		V0 0.223699
		U1 0.311015
		V1 -0.571169
	Vertex
		Position [ 1080.579224 693.303528 50.626560 ]
		Normal [ 0.179103 0.873438 0.452800 ]
		Tangent [ -0.447059 0.717647 0.050980 ]
		Color 0
		U0 0.136299
		V0 0.222589
		U1 0.325610
		V1 -0.572278
	Vertex
		Position [ 1272.586914 662.707458 44.626366 ]
		Normal [ 0.130333 0.895092 0.426408 ]
		Tangent [ -0.466667 0.709804 0.047059 ]
		Color 0
		U0 0.141783
		V0 0.276844
		U1 0.328352
		V1 -0.518023
	Vertex
		Position [ 1272.586914 647.775269 89.252502 ]
		Normal [ 0.134705 0.848888 0.511120 ]
		Tangent [ -0.462745 0.752941 0.066667 ]
		Color 0
		U0 0.115322
		V0 0.277457
		U1 0.315121
		V1 -0.517411
	Vertex
		Position [ 1457.844727 669.996765 -0.000127 ]
		Normal [ 0.039795 0.841736 0.538420 ]
		Tangent [ -0.490196 0.768627 0.078431 ]
		Color 0
		U0 0.170858
		V0 0.329608
		U1 0.342889
		V1 -0.465259
	Vertex
		Position [ 1457.844727 645.648254 38.625839 ]
		Normal [ 0.043212 0.896523 0.440885 ]
		Tangent [ -0.490196 0.717647 0.050980 ]
		Color 0
		U0 0.144468
		V0 0.329835
		U1 0.329694
		V1 -0.465033
	Vertex
		Position [ 1272.586914 687.898560 -0.000111 ]
		Normal [ 0.128161 0.839424 0.528150 ]
		Tangent [ -0.458824 0.760784 0.074510 ]
		Color 0
		U0 0.170844
		V0 0.275748
		U1 0.342882
		V1 -0.519119
	Vertex
		Position [ 1457.848022 631.322449 77.252136 ]
		Normal [ 0.057266 0.846463 0.529359 ]
		Tangent [ -0.486275 0.760784 0.074510 ]
		Color 0
		U0 0.121075
		V0 0.329961
		U1 0.317998
		V1 -0.464907
	Vertex
		Position [ 1457.837891 606.852661 101.561775 ]
		Normal [ 0.073968 0.601810 0.795206 ]
		Tangent [ -0.478431 0.894118 0.196078 ]
		Color 0
		U0 0.101682
		V0 0.330274
		U1 0.308301
		V1 -0.464594
	Vertex
		Position [ 360.291107 904.936523 37.235401 ]
		Normal [ -0.956533 -0.185930 0.224667 ]
		Tangent [ -0.321569 0.384314 0.952941 ]
		Color 0
		U0 0.031741
		V0 0.023831
		U1 0.311676
		V1 -0.104237
	Vertex
		Position [ 357.171356 934.686951 50.554966 ]
		Normal [ -0.956533 -0.185930 0.224667 ]
		Tangent [ -0.388235 0.517647 0.984314 ]
		Color 0
		U0 0.052141
		V0 0.019324
		U1 0.316182
		V1 -0.094037
	Vertex
		Position [ 383.680695 894.544006 91.081841 ]
		Normal [ -0.903995 -0.254484 0.343557 ]
		Tangent [ -0.231373 0.572549 0.913725 ]
		Color 0
		U0 0.021951
		V0 0.004128
		U1 0.331378
		V1 -0.109132
	Vertex
		Position [ 385.745880 870.280334 78.034370 ]
		Normal [ -0.903995 -0.254484 0.343557 ]
		Tangent [ -0.203922 0.505882 0.901961 ]
		Color 0
		U0 0.005350
		V0 0.008556
		U1 0.326950
		V1 -0.117432
	Vertex
		Position [ 442.151306 839.979004 93.443108 ]
		Normal [ -0.748378 -0.658447 0.079862 ]
		Tangent [ -0.258824 0.270588 0.874510 ]
		Color 0
		U0 0.620272
