TXT
MeshData
	maxDiffuseMipLevel 0
	hasValidTangents TRUE
	BoundingRadius 1617.567261
	MaxBoundingExtents [ 1250.190430 1519.498535 1252.497314 ]
	MinBoundingExtents [ -1250.209229 -1613.572510 -1252.488647 ]
	NumMaterials 2
	Material
		DiffuseTextureFileName ""
		SelfIlluminationTextureFileName ""
		NormalTextureFileName ""
		DisplacementTextureFileName ""
		TeamColorTextureFileName ""
		Diffuse ffffffff
		Ambient ffffffff
		Specular ffffffff
		Emissive ffffffff
		Glossiness 50.000000
	Material
		DiffuseTextureFileName "StarBasePsi-cl.dds"
		SelfIlluminationTextureFileName "StarBasePsi-da.dds"
		NormalTextureFileName "StarBasePsi-nm.dds"
		DisplacementTextureFileName ""
		TeamColorTextureFileName ""
		Diffuse ffffffff
		Ambient ffffffff
		Specular ffffffff
		Emissive ffffffff
		Glossiness 50.000000
	NumPoints 72
	Point
		DataString "9"
		Position [ -473.488678 26.935894 0.004419 ]
		Orientation
			 [ -0.000000 0.000000 -1.000000 ]
			 [ 0.000000 1.000000 0.000000 ]
			 [ 1.000000 0.000000 -0.000000 ]
	Point
		DataString "0"
		Position [ -1191.642578 28.026331 0.072770 ]
		Orientation
			 [ -0.000000 0.000000 1.000000 ]
			 [ 0.000000 1.000000 0.000000 ]
			 [ -1.000000 0.000000 -0.000000 ]
	Point
		DataString "1"
		Position [ -2.302443 195.332809 757.188049 ]
		Orientation
			 [ 1.000000 0.000000 0.000000 ]
			 [ 0.000000 1.000000 0.000000 ]
			 [ 0.000000 0.000000 1.000000 ]
	Point
		DataString "Flair-Flair_StarbasePsi_Whipit"
		Position [ -21.417362 25.217934 0.004380 ]
		Orientation
			 [ -0.000000 0.000000 1.000000 ]
			 [ 1.000000 -0.000000 0.000000 ]
			 [ 0.000000 1.000000 0.000000 ]
	Point
		DataString "Hangar"
		Position [ -1137.986938 28.674654 425.807800 ]
		Orientation
			 [ 0.328058 0.000000 0.944658 ]
			 [ 0.000000 1.000000 0.000000 ]
			 [ -0.944658 0.000000 0.328058 ]
	Point
		DataString "Weapon-0"
		Position [ -1189.058594 28.295328 231.212357 ]
		Orientation
			 [ 0.198583 0.000000 0.980084 ]
			 [ 0.000000 1.000000 0.000000 ]
			 [ -0.980084 0.000000 0.198583 ]
	Point
		DataString "Weapon-1"
		Position [ -132.205429 -1105.120117 250.171921 ]
		Orientation
			 [ 0.996942 0.000000 0.078141 ]
			 [ 0.000000 1.000000 0.000000 ]
			 [ -0.078141 0.000000 0.996942 ]
	Point
		DataString "Hangar"
		Position [ -911.518250 28.674654 797.055054 ]
		Orientation
			 [ 0.633363 0.000000 0.773855 ]
			 [ 0.000000 1.000000 0.000000 ]
			 [ -0.773855 0.000000 0.633363 ]
	Point
		DataString "Weapon-0"
		Position [ -975.741882 28.295328 719.575378 ]
		Orientation
			 [ 0.575908 0.000000 0.817515 ]
			 [ 0.000000 1.000000 0.000000 ]
			 [ -0.817515 0.000000 0.575908 ]
	Point
		DataString "Weapon-1"
		Position [ -136.914032 -1157.119019 247.053726 ]
		Orientation
			 [ 0.996942 0.000000 0.078141 ]
			 [ 0.000000 1.000000 0.000000 ]
			 [ -0.078141 0.000000 0.996942 ]
	Point
		DataString "Weapon-0"
		Position [ -715.469604 28.372728 978.133179 ]
		Orientation
			 [ 0.834319 0.000000 0.551282 ]
			 [ 0.000000 1.000000 0.000000 ]
			 [ -0.551282 0.000000 0.834319 ]
	Point
		DataString "Weapon-1"
		Position [ -141.449265 -1210.230103 241.670044 ]
		Orientation
			 [ 0.996942 0.000000 0.078141 ]
			 [ 0.000000 1.000000 0.000000 ]
			 [ -0.078141 0.000000 0.996942 ]
	Point
		DataString "Hangar"
		Position [ -366.741913 28.674654 1153.152954 ]
		Orientation
			 [ 0.949031 0.000000 0.315182 ]
			 [ 0.000000 1.000000 0.000000 ]
			 [ -0.315182 0.000000 0.949031 ]
	Point
		DataString "Weapon-0"
		Position [ -534.905151 28.231884 1085.358887 ]
		Orientation
			 [ 0.898318 0.000000 0.439346 ]
			 [ 0.000000 1.000000 0.000000 ]
			 [ -0.439346 0.000000 0.898318 ]
	Point
		DataString "Weapon-1"
		Position [ -132.356750 -1105.120117 -251.740265 ]
		Orientation
			 [ -0.999820 0.000000 0.018998 ]
			 [ 0.000000 1.000000 0.000000 ]
			 [ -0.018998 0.000000 -0.999820 ]
	Point
		DataString "Weapon-0"
		Position [ -30.844229 27.656384 1209.952515 ]
		Orientation
			 [ 0.997757 0.000000 0.066940 ]
			 [ 0.000000 1.000000 0.000000 ]
			 [ -0.066940 0.000000 0.997757 ]
	Point
		DataString "Weapon-1"
		Position [ -136.758789 -1157.119019 -247.454208 ]
		Orientation
			 [ -0.999440 0.000000 0.033453 ]
			 [ 0.000000 1.000000 0.000000 ]
			 [ -0.033453 0.000000 -0.999440 ]
	Point
		DataString "Weapon-0"
		Position [ 190.575043 26.999279 1194.168335 ]
		Orientation
			 [ 0.986401 0.000000 -0.164355 ]
			 [ 0.000000 1.000000 0.000000 ]
			 [ 0.164355 0.000000 0.986401 ]
	Point
		DataString "Weapon-1"
		Position [ -141.279099 -1210.230103 -241.583298 ]
		Orientation
			 [ -0.999600 0.000000 0.028299 ]
			 [ 0.000000 1.000000 0.000000 ]
			 [ -0.028299 0.000000 -0.999600 ]
	Point
		DataString "Hangar"
		Position [ 683.104919 28.674654 995.593933 ]
		Orientation
			 [ 0.819442 0.000000 -0.573162 ]
			 [ 0.000000 1.000000 0.000000 ]
			 [ 0.573162 0.000000 0.819442 ]
	Point
		DataString "Weapon-0"
		Position [ 330.981720 28.674654 1163.704102 ]
		Orientation
			 [ 0.951468 0.000000 -0.307747 ]
			 [ 0.000000 1.000000 0.000000 ]
			 [ 0.307747 0.000000 0.951468 ]
	Point
		DataString "Weapon-1"
		Position [ -133.075470 -1413.137207 -114.936478 ]
		Orientation
			 [ 0.025735 -0.001356 -0.999668 ]
			 [ 0.105977 0.994368 0.001379 ]
			 [ 0.994036 -0.105977 0.025733 ]
	Point
		DataString "Weapon-0"
		Position [ 526.920349 27.894882 1087.507813 ]
		Orientation
			 [ 0.895841 0.000000 -0.444376 ]
			 [ 0.000000 1.000000 0.000000 ]
			 [ 0.444376 0.000000 0.895841 ]
	Point
		DataString "Weapon-1"
		Position [ -133.075455 -1413.137207 1.707538 ]
		Orientation
			 [ 0.025735 -0.001356 -0.999668 ]
			 [ 0.105977 0.994368 0.001379 ]
			 [ 0.994036 -0.105977 0.025733 ]
	Point
		DataString "Hangar"
		Position [ 1144.267578 28.674654 386.396912 ]
		Orientation
			 [ 0.286151 0.000000 -0.958185 ]
			 [ 0.000000 1.000000 0.000000 ]
			 [ 0.958185 0.000000 0.286151 ]
	Point
		DataString "Weapon-0"
		Position [ 938.287292 28.674654 761.503357 ]
		Orientation
			 [ 0.629835 0.000000 -0.776729 ]
			 [ 0.000000 1.000000 0.000000 ]
			 [ 0.776729 0.000000 0.629835 ]
	Point
		DataString "Weapon-1"
		Position [ -133.075439 -1413.601929 115.086685 ]
		Orientation
			 [ 0.025735 -0.001356 -0.999668 ]
			 [ 0.105977 0.994368 0.001379 ]
			 [ 0.994036 -0.105977 0.025733 ]
	Point
		DataString "Weapon-0"
		Position [ 1063.020386 28.108232 576.477295 ]
		Orientation
			 [ 0.454954 0.000000 -0.890515 ]
			 [ 0.000000 1.000000 0.000000 ]
			 [ 0.890515 0.000000 0.454954 ]
	Point
		DataString "Weapon-1"
		Position [ -133.075455 -1488.307007 56.315567 ]
		Orientation
			 [ 0.025735 -0.001356 -0.999668 ]
			 [ 0.105977 0.994368 0.001379 ]
			 [ 0.994036 -0.105977 0.025733 ]
	Point
		DataString "Hangar"
		Position [ 1147.354004 28.674654 -380.129944 ]
		Orientation
			 [ -0.299180 0.000000 -0.954197 ]
			 [ 0.000000 1.000000 0.000000 ]
			 [ 0.954197 0.000000 -0.299180 ]
	Point
		DataString "Weapon-0"
		Position [ 1123.022339 28.674654 446.517975 ]
		Orientation
			 [ 0.315911 0.000000 -0.948789 ]
			 [ 0.000000 1.000000 0.000000 ]
			 [ 0.948789 0.000000 0.315911 ]
	Point
		DataString "Weapon-1"
		Position [ -133.075455 -1488.307007 -56.516895 ]
		Orientation
			 [ 0.025735 -0.001356 -0.999668 ]
			 [ 0.105977 0.994368 0.001379 ]
			 [ 0.994036 -0.105977 0.025733 ]
	Point
		DataString "Weapon-0"
		Position [ 1181.589722 28.674654 245.492096 ]
		Orientation
			 [ 0.192384 0.000000 -0.981320 ]
			 [ 0.000000 1.000000 0.000000 ]
			 [ 0.981320 0.000000 0.192384 ]
	Point
		DataString "Weapon-2"
		Position [ 1221.226685 72.436287 13.254934 ]
		Orientation
			 [ 0.000937 0.000000 -1.000000 ]
			 [ 0.000000 1.000000 0.000000 ]
			 [ 1.000000 0.000000 0.000937 ]
	Point
		DataString "Hangar"
		Position [ 783.577820 28.674654 -918.455017 ]
		Orientation
			 [ -0.751375 0.000000 -0.659875 ]
			 [ 0.000000 1.000000 0.000000 ]
			 [ 0.659875 0.000000 -0.751375 ]
	Point
		DataString "Weapon-0"
		Position [ 1173.896362 28.674654 -283.414551 ]
		Orientation
			 [ -0.196314 0.000000 -0.980541 ]
			 [ 0.000000 1.000000 0.000000 ]
			 [ 0.980541 0.000000 -0.196314 ]
	Point
		DataString "Weapon-0"
		Position [ 1102.639038 28.674654 -493.638702 ]
		Orientation
			 [ -0.437105 0.000000 -0.899411 ]
			 [ 0.000000 1.000000 0.000000 ]
			 [ 0.899411 0.000000 -0.437105 ]
	Point
		DataString "Weapon-2"
		Position [ 1221.226685 72.436287 -11.750562 ]
		Orientation
			 [ 0.000937 0.000000 -1.000000 ]
			 [ 0.000000 1.000000 0.000000 ]
			 [ 1.000000 0.000000 0.000937 ]
	Point
		DataString "Hangar"
		Position [ 242.481476 28.674654 -1183.780029 ]
		Orientation
			 [ -0.979998 0.000000 -0.199009 ]
			 [ 0.000000 1.000000 0.000000 ]
			 [ 0.199009 0.000000 -0.979998 ]
	Point
		DataString "Weapon-0"
		Position [ 1037.107788 28.674654 -620.936279 ]
		Orientation
			 [ -0.551313 0.000000 -0.834298 ]
			 [ 0.000000 1.000000 0.000000 ]
			 [ 0.834298 0.000000 -0.551313 ]
	Point
		DataString "Weapon-2"
		Position [ 9.283538 72.436287 1223.750977 ]
		Orientation
			 [ 1.000000 0.000000 0.000937 ]
			 [ 0.000000 1.000000 0.000000 ]
			 [ -0.000937 0.000000 1.000000 ]
	Point
		DataString "Weapon-0"
		Position [ 912.864868 28.794573 -791.266968 ]
		Orientation
			 [ -0.666049 0.000000 -0.745908 ]
			 [ 0.000000 1.000000 0.000000 ]
			 [ 0.745908 0.000000 -0.666049 ]
	Point
		DataString "Weapon-2"
		Position [ -15.721957 72.436287 1223.750977 ]
		Orientation
			 [ 1.000000 0.000000 0.000937 ]
			 [ 0.000000 1.000000 0.000000 ]
			 [ -0.000937 0.000000 1.000000 ]
	Point
		DataString "Weapon-0"
		Position [ 339.230560 28.674654 -1160.652100 ]
		Orientation
			 [ -0.947805 0.000000 -0.318851 ]
			 [ 0.000000 1.000000 0.000000 ]
			 [ 0.318851 0.000000 -0.947805 ]
	Point
		DataString "Weapon-2"
		Position [ -13.761318 72.436287 -1223.716919 ]
		Orientation
			 [ -1.000000 0.000000 -0.000937 ]
			 [ 0.000000 1.000000 0.000000 ]
			 [ 0.000937 0.000000 -1.000000 ]
	Point
		DataString "Hangar"
		Position [ -548.174561 28.674654 -1078.897339 ]
		Orientation
			 [ -0.898510 0.000000 0.438954 ]
			 [ 0.000000 1.000000 0.000000 ]
			 [ -0.438954 0.000000 -0.898510 ]
	Point
		DataString "Weapon-0"
		Position [ 120.205093 28.674654 -1203.402344 ]
		Orientation
			 [ -0.997579 0.000000 -0.069541 ]
			 [ 0.000000 1.000000 0.000000 ]
			 [ 0.069541 0.000000 -0.997579 ]
	Point
		DataString "Weapon-2"
		Position [ 11.015533 72.436287 -1223.696411 ]
		Orientation
			 [ -1.000000 0.000000 -0.000937 ]
			 [ 0.000000 1.000000 0.000000 ]
			 [ 0.000937 0.000000 -1.000000 ]
	Point
		DataString "Hangar"
		Position [ -911.383972 28.674654 -797.361572 ]
		Orientation
			 [ -0.656870 0.000000 0.754004 ]
			 [ 0.000000 1.000000 0.000000 ]
			 [ -0.754004 0.000000 -0.656870 ]
	Point
		DataString "Weapon-0"
		Position [ -23.759514 28.674654 -1211.027710 ]
		Orientation
			 [ -0.998078 0.000000 0.061975 ]
			 [ 0.000000 1.000000 0.000000 ]
			 [ -0.061975 0.000000 -0.998078 ]
	Point
		DataString "Weapon-2"
		Position [ 1221.226685 -20.290409 -11.750562 ]
		Orientation
			 [ 0.000937 0.000000 -1.000000 ]
			 [ 0.000000 1.000000 0.000000 ]
			 [ 1.000000 0.000000 0.000937 ]
	Point
		DataString "Above"
		Position [ -2.302509 1835.673584 0.004378 ]
		Orientation
			 [ 1.000000 0.000000 0.000000 ]
			 [ 0.000000 1.000000 0.000000 ]
			 [ 0.000000 0.000000 1.000000 ]
	Point
		DataString "Aura"
		Position [ -2.302509 -1798.184814 0.004378 ]
		Orientation
			 [ 1.000000 0.000000 0.000000 ]
			 [ 0.000000 1.000000 0.000000 ]
			 [ 0.000000 0.000000 1.000000 ]
	Point
		DataString "Center"
		Position [ -2.302509 26.935894 0.004378 ]
		Orientation
			 [ 1.000000 0.000000 0.000000 ]
			 [ 0.000000 1.000000 0.000000 ]
			 [ 0.000000 0.000000 1.000000 ]
	Point
		DataString "Hangar"
		Position [ -1093.091675 28.674654 -522.162964 ]
		Orientation
			 [ -0.436318 0.000000 0.899793 ]
			 [ 0.000000 1.000000 0.000000 ]
			 [ -0.899793 0.000000 -0.436318 ]
	Point
		DataString "Weapon-0"
		Position [ -234.064392 28.674654 -1186.678833 ]
		Orientation
			 [ -0.979074 0.000000 0.203503 ]
			 [ 0.000000 1.000000 0.000000 ]
			 [ -0.203503 0.000000 -0.979074 ]
	Point
		DataString "Weapon-1"
		Position [ -1211.408813 127.122849 1.080959 ]
		Orientation
			 [ -0.000000 0.000000 1.000000 ]
			 [ 0.000000 1.000000 0.000000 ]
			 [ -1.000000 0.000000 -0.000000 ]
	Point
		DataString "Weapon-0"
		Position [ -843.357788 28.475760 -870.848877 ]
		Orientation
			 [ -0.740818 0.000000 0.671706 ]
			 [ 0.000000 1.000000 0.000000 ]
			 [ -0.671706 0.000000 -0.740818 ]
	Point
		DataString "Weapon-1"
		Position [ -1199.559082 221.066406 1.080958 ]
		Orientation
			 [ -0.000000 -0.000000 1.000000 ]
			 [ 0.000000 1.000000 0.000000 ]
			 [ -1.000000 0.000000 -0.000000 ]
	Point
		DataString "Weapon-0"
		Position [ -988.783813 28.344162 -701.382446 ]
		Orientation
			 [ -0.566841 0.000000 0.823827 ]
			 [ 0.000000 1.000000 0.000000 ]
			 [ -0.823827 0.000000 -0.566841 ]
	Point
		DataString "Weapon-1"
		Position [ -1179.703247 311.824371 1.080956 ]
		Orientation
			 [ -0.000000 -0.000000 1.000000 ]
			 [ 0.000000 1.000000 0.000000 ]
			 [ -1.000000 0.000000 -0.000000 ]
	Point
		DataString "Weapon-0"
		Position [ -1064.852539 28.674654 -578.524048 ]
		Orientation
			 [ -0.440144 0.000000 0.897927 ]
			 [ 0.000000 1.000000 0.000000 ]
			 [ -0.897927 0.000000 -0.440144 ]
	Point
		DataString "Weapon-1"
		Position [ -1211.312378 -82.820930 -1.618826 ]
		Orientation
			 [ -0.000000 0.000000 1.000000 ]
			 [ 0.000000 1.000000 0.000000 ]
			 [ -1.000000 0.000000 -0.000000 ]
	Point
		DataString "Weapon-0"
		Position [ -1148.093384 28.674654 -386.477509 ]
		Orientation
			 [ -0.325382 0.000000 0.945583 ]
			 [ 0.000000 1.000000 0.000000 ]
			 [ -0.945583 0.000000 -0.325382 ]
	Point
		DataString "Weapon-1"
		Position [ -1197.372925 -186.002335 -1.684127 ]
		Orientation
			 [ -0.000000 0.000000 1.000000 ]
			 [ 0.000000 1.000000 -0.000000 ]
			 [ -1.000000 0.000000 -0.000000 ]
	Point
		DataString "Weapon-1"
		Position [ -1182.526855 -274.331573 -1.677442 ]
		Orientation
			 [ -0.000000 0.000000 1.000000 ]
			 [ 0.000000 1.000000 -0.000000 ]
			 [ -1.000000 0.000000 -0.000000 ]
	Point
		DataString "Weapon-2"
		Position [ 9.283538 -20.290409 1223.750977 ]
		Orientation
			 [ 1.000000 0.000000 0.000937 ]
			 [ 0.000000 1.000000 0.000000 ]
			 [ -0.000937 0.000000 1.000000 ]
	Point
		DataString "Weapon-2"
		Position [ -15.721957 -20.290409 1223.750977 ]
		Orientation
			 [ 1.000000 0.000000 0.000937 ]
			 [ 0.000000 1.000000 0.000000 ]
			 [ -0.000937 0.000000 1.000000 ]
	Point
		DataString "Weapon-2"
		Position [ 11.015533 -20.290409 -1223.696411 ]
		Orientation
			 [ -1.000000 0.000000 -0.000937 ]
			 [ 0.000000 1.000000 0.000000 ]
			 [ 0.000937 0.000000 -1.000000 ]
	Point
		DataString "Weapon-2"
		Position [ -13.761318 -20.290409 -1223.716919 ]
		Orientation
			 [ -1.000000 0.000000 -0.000937 ]
			 [ 0.000000 1.000000 0.000000 ]
			 [ 0.000937 0.000000 -1.000000 ]
	Point
		DataString "Weapon-2"
		Position [ 1221.226685 -20.290409 13.254934 ]
		Orientation
			 [ 0.000937 0.000000 -1.000000 ]
			 [ 0.000000 1.000000 0.000000 ]
			 [ 1.000000 0.000000 0.000937 ]
	Point
		DataString "Flair-Flair_StarbasePsi_Persistant2"
		Position [ -1195.816040 25.913969 0.000105 ]
		Orientation
			 [ -0.000000 0.000000 1.000000 ]
			 [ 0.000000 1.000000 0.000000 ]
			 [ -1.000000 0.000000 -0.000000 ]
	NumVertices 8616
	Vertex
		Position [ -120.004585 -1228.238892 20.661873 ]
		Normal [ 0.038832 -0.999166 0.012617 ]
		Tangent [ -0.494118 0.501961 0.992157 ]
		Color 0
		U0 0.374595
		V0 0.527836
		U1 0.000000
		V1 0.000000
	Vertex
		Position [ -116.732765 -1228.238892 0.004388 ]
		Normal [ 0.040831 -0.999166 -0.000000 ]
		Tangent [ -0.494118 0.494118 0.992157 ]
		Color 0
		U0 0.365237
		V0 0.529318
		U1 0.000000
		V1 0.000000
	Vertex
		Position [ -183.581787 -1228.238892 0.004394 ]
		Normal [ 0.000000 -1.000000 0.000000 ]
		Tangent [ -0.494118 0.494118 1.000000 ]
		Color 0
		U0 0.365237
		V0 0.499036
		U1 0.000000
		V1 0.000000
	Vertex
		Position [ -56.427387 -1222.765991 41.319347 ]
		Normal [ 0.077603 -0.996665 0.025215 ]
		Tangent [ -0.494118 0.509804 0.992157 ]
		Color 0
		U0 0.383952
		V0 0.556636
		U1 0.000000
		V1 0.000000
	Vertex
		Position [ -49.883743 -1222.765991 0.004382 ]
		Normal [ 0.081597 -0.996665 -0.000000 ]
		Tangent [ -0.494118 0.494118 0.992157 ]
		Color 0
		U0 0.365237
		V0 0.559601
		U1 0.000000
		V1 0.000000
	Vertex
		Position [ -183.581802 -1211.339355 -133.693649 ]
		Normal [ 0.156435 0.000000 -0.987688 ]
		Tangent [ -0.992157 0.494118 0.419608 ]
		Color 0
		U0 0.425358
		V0 0.497672
		U1 0.000000
		V1 0.000000
	Vertex
		Position [ -183.581802 -1222.765991 -133.693649 ]
		Normal [ 0.156435 0.000000 -0.987688 ]
		Tangent [ -0.992157 0.494118 0.419608 ]
		Color 0
		U0 0.425358
		V0 0.494458
		U1 0.000000
		V1 0.000000
	Vertex
		Position [ -142.266830 -1222.765991 -127.149994 ]
		Normal [ 0.309017 0.000000 -0.951056 ]
		Tangent [ -0.972549 0.494118 0.341176 ]
		Color 0
		U0 0.417465
		V0 0.494458
		U1 0.000000
		V1 0.000000
	Vertex
		Position [ -142.266830 -1211.339355 -127.149994 ]
		Normal [ 0.309017 0.000000 -0.951056 ]
		Tangent [ -0.972549 0.494118 0.341176 ]
		Color 0
		U0 0.417465
		V0 0.497672
		U1 0.000000
		V1 0.000000
	Vertex
		Position [ -104.996056 -1222.765991 -108.159599 ]
		Normal [ 0.587785 0.000000 -0.809017 ]
		Tangent [ -0.901961 0.494118 0.203922 ]
		Color 0
		U0 0.408359
		V0 0.494458
		U1 0.000000
		V1 0.000000
	Vertex
		Position [ -104.996056 -1211.339355 -108.159599 ]
		Normal [ 0.587785 0.000000 -0.809017 ]
		Tangent [ -0.901961 0.494118 0.203922 ]
		Color 0
		U0 0.408359
		V0 0.497672
		U1 0.000000
		V1 0.000000
	Vertex
		Position [ -49.883743 -1211.339355 0.004382 ]
		Normal [ 0.081597 0.996665 -0.000000 ]
		Tangent [ -0.494118 0.494118 0.992157 ]
		Color 0
		U0 0.365237
		V0 0.559601
		U1 0.000000
		V1 0.000000
	Vertex
		Position [ -56.427387 -1211.339355 41.319347 ]
		Normal [ 0.077603 0.996665 0.025215 ]
		Tangent [ -0.494118 0.486275 0.992157 ]
		Color 0
		U0 0.383952
		V0 0.556636
		U1 0.000000
		V1 0.000000
	Vertex
		Position [ -120.004585 -1205.866455 20.661873 ]
		Normal [ 0.038832 0.999166 0.012617 ]
		Tangent [ -0.494118 0.486275 0.992157 ]
		Color 0
		U0 0.374595
		V0 0.527836
		U1 0.000000
		V1 0.000000
	Vertex
		Position [ -116.732765 -1205.866455 0.004388 ]
		Normal [ 0.040831 0.999166 -0.000000 ]
		Tangent [ -0.494118 0.494118 0.992157 ]
		Color 0
		U0 0.365237
		V0 0.529318
		U1 0.000000
		V1 0.000000
	Vertex
		Position [ -183.581787 -1205.866455 0.004394 ]
		Normal [ 0.000000 1.000000 0.000000 ]
		Tangent [ -0.494118 0.494118 1.000000 ]
		Color 0
		U0 0.365237
		V0 0.499036
		U1 0.000000
		V1 0.000000
	Vertex
		Position [ -129.499786 -1228.238892 39.297256 ]
		Normal [ 0.033033 -0.999166 0.024000 ]
		Tangent [ -0.494118 0.509804 0.992157 ]
		Color 0
		U0 0.383036
		V0 0.523535
		U1 0.000000
		V1 0.000000
	Vertex
		Position [ -75.417793 -1222.765991 78.590118 ]
		Normal [ 0.066013 -0.996665 0.047961 ]
		Tangent [ -0.494118 0.521569 0.992157 ]
		Color 0
		U0 0.400836
		V0 0.548034
		U1 0.000000
		V1 0.000000
	Vertex
		Position [ -75.417809 -1222.765991 -78.581345 ]
		Normal [ 0.809017 0.000000 -0.587785 ]
		Tangent [ -0.792157 0.494118 0.094118 ]
		Color 0
		U0 0.397181
		V0 0.494458
		U1 0.000000
		V1 0.000000
	Vertex
		Position [ -75.417809 -1211.339355 -78.581345 ]
		Normal [ 0.809017 0.000000 -0.587785 ]
		Tangent [ -0.792157 0.494118 0.094118 ]
		Color 0
		U0 0.397181
		V0 0.497672
		U1 0.000000
		V1 0.000000
	Vertex
		Position [ -56.427395 -1222.765991 -41.310585 ]
		Normal [ 0.951056 0.000000 -0.309017 ]
		Tangent [ -0.647059 0.494118 0.019608 ]
		Color 0
		U0 0.382727
		V0 0.494458
		U1 0.000000
		V1 0.000000
	Vertex
		Position [ -56.427395 -1211.339355 -41.310585 ]
		Normal [ 0.951056 0.000000 -0.309017 ]
		Tangent [ -0.647059 0.494118 0.019608 ]
		Color 0
		U0 0.382727
		V0 0.497672
		U1 0.000000
		V1 0.000000
	Vertex
		Position [ -75.417793 -1211.339355 78.590118 ]
		Normal [ 0.066013 0.996665 0.047961 ]
		Tangent [ -0.494118 0.474510 0.992157 ]
		Color 0
		U0 0.400836
		V0 0.548034
		U1 0.000000
		V1 0.000000
	Vertex
		Position [ -129.499786 -1205.866455 39.297256 ]
		Normal [ 0.033033 0.999166 0.024000 ]
		Tangent [ -0.494118 0.486275 0.992157 ]
		Color 0
		U0 0.383036
		V0 0.523535
		U1 0.000000
		V1 0.000000
	Vertex
		Position [ -144.288910 -1228.238892 54.086380 ]
		Normal [ 0.024000 -0.999166 0.033033 ]
		Tangent [ -0.494118 0.513726 0.992157 ]
		Color 0
		U0 0.389736
		V0 0.516835
		U1 0.000000
		V1 0.000000
	Vertex
		Position [ -104.996040 -1222.765991 108.168365 ]
		Normal [ 0.047961 -0.996665 0.066013 ]
		Tangent [ -0.494118 0.529412 0.992157 ]
		Color 0
		U0 0.414235
		V0 0.534635
		U1 0.000000
		V1 0.000000
	Vertex
		Position [ -49.883743 -1211.339355 0.004382 ]
		Normal [ 1.000000 0.000000 -0.000000 ]
		Tangent [ -0.494118 0.494118 0.000000 ]
		Color 0
		U0 0.364868
		V0 0.497672
		U1 0.000000
		V1 0.000000
	Vertex
		Position [ -49.883743 -1222.765991 0.004382 ]
		Normal [ 1.000000 0.000000 -0.000000 ]
		Tangent [ -0.494118 0.494118 0.000000 ]
		Color 0
		U0 0.364868
		V0 0.494458
		U1 0.000000
		V1 0.000000
	Vertex
		Position [ -142.266800 -1222.765991 127.158783 ]
		Normal [ 0.309017 0.000000 0.951057 ]
		Tangent [ -0.019608 0.494118 0.341176 ]
		Color 0
		U0 0.312272
		V0 0.494458
		U1 0.000000
		V1 0.000000
	Vertex
		Position [ -183.581772 -1222.765991 133.702423 ]
		Normal [ 0.156434 0.000000 0.987688 ]
		Tangent [ -0.003922 0.494118 0.419608 ]
		Color 0
		U0 0.304379
		V0 0.494458
		U1 0.000000
		V1 0.000000
	Vertex
		Position [ -183.581772 -1211.339355 133.702423 ]
		Normal [ 0.156434 0.000000 0.987688 ]
		Tangent [ -0.003922 0.494118 0.419608 ]
		Color 0
		U0 0.304379
		V0 0.497672
		U1 0.000000
		V1 0.000000
	Vertex
		Position [ -142.266800 -1211.339355 127.158783 ]
		Normal [ 0.309017 0.000000 0.951057 ]
		Tangent [ -0.019608 0.494118 0.341176 ]
		Color 0
		U0 0.312272
		V0 0.497672
		U1 0.000000
		V1 0.000000
	Vertex
		Position [ -104.996040 -1211.339355 108.168365 ]
		Normal [ 0.047961 0.996665 0.066013 ]
		Tangent [ -0.494118 0.466667 0.992157 ]
		Color 0
		U0 0.414235
		V0 0.534635
		U1 0.000000
		V1 0.000000
	Vertex
		Position [ -144.288910 -1205.866455 54.086380 ]
		Normal [ 0.024000 0.999166 0.033033 ]
		Tangent [ -0.494118 0.482353 0.992157 ]
		Color 0
		U0 0.389736
		V0 0.516835
		U1 0.000000
		V1 0.000000
	Vertex
		Position [ -162.924301 -1228.238892 63.581589 ]
		Normal [ 0.012617 -0.999166 0.038832 ]
		Tangent [ -0.494118 0.513726 0.992157 ]
		Color 0
		U0 0.394037
		V0 0.508394
		U1 0.000000
		V1 0.000000
	Vertex
		Position [ -142.266800 -1222.765991 127.158783 ]
		Normal [ 0.025215 -0.996665 0.077603 ]
		Tangent [ -0.494118 0.537255 0.992157 ]
		Color 0
		U0 0.422837
		V0 0.517751
		U1 0.000000
		V1 0.000000
	Vertex
		Position [ -104.996040 -1222.765991 108.168365 ]
		Normal [ 0.587785 0.000000 0.809017 ]
		Tangent [ -0.094118 0.494118 0.203922 ]
		Color 0
		U0 0.321378
		V0 0.494458
		U1 0.000000
		V1 0.000000
	Vertex
		Position [ -104.996040 -1211.339355 108.168365 ]
		Normal [ 0.587785 0.000000 0.809017 ]
		Tangent [ -0.094118 0.494118 0.203922 ]
		Color 0
		U0 0.321378
		V0 0.497672
		U1 0.000000
		V1 0.000000
	Vertex
		Position [ -75.417793 -1222.765991 78.590118 ]
		Normal [ 0.809017 0.000000 0.587785 ]
		Tangent [ -0.203922 0.494118 0.094118 ]
		Color 0
		U0 0.332555
		V0 0.494458
		U1 0.000000
		V1 0.000000
	Vertex
		Position [ -75.417793 -1211.339355 78.590118 ]
		Normal [ 0.809017 0.000000 0.587785 ]
		Tangent [ -0.203922 0.494118 0.094118 ]
		Color 0
		U0 0.332555
		V0 0.497672
		U1 0.000000
		V1 0.000000
	Vertex
		Position [ -142.266800 -1211.339355 127.158783 ]
		Normal [ 0.025215 0.996665 0.077603 ]
		Tangent [ -0.494118 0.458824 0.992157 ]
		Color 0
		U0 0.422837
		V0 0.517751
		U1 0.000000
		V1 0.000000
	Vertex
		Position [ -162.924301 -1205.866455 63.581589 ]
		Normal [ 0.012617 0.999166 0.038832 ]
		Tangent [ -0.494118 0.474510 0.992157 ]
		Color 0
		U0 0.394037
		V0 0.508394
		U1 0.000000
		V1 0.000000
	Vertex
		Position [ -183.581787 -1228.238892 66.853409 ]
		Normal [ 0.006467 -0.999145 0.040830 ]
		Tangent [ -0.494118 0.513726 0.992157 ]
		Color 0
		U0 0.395519
		V0 0.499036
		U1 0.000000
		V1 0.000000
	Vertex
		Position [ -183.581772 -1222.765991 133.702423 ]
		Normal [ 0.012923 -0.996582 0.081590 ]
		Tangent [ -0.494118 0.537255 0.992157 ]
		Color 0
		U0 0.425802
		V0 0.499036
		U1 0.000000
		V1 0.000000
	Vertex
		Position [ -56.427387 -1222.765991 41.319347 ]
		Normal [ 0.951056 0.000000 0.309017 ]
		Tangent [ -0.341176 0.494118 0.019608 ]
		Color 0
		U0 0.347009
		V0 0.494458
		U1 0.000000
		V1 0.000000
	Vertex
		Position [ -56.427387 -1211.339355 41.319347 ]
		Normal [ 0.951056 0.000000 0.309017 ]
		Tangent [ -0.341176 0.494118 0.019608 ]
		Color 0
		U0 0.347009
		V0 0.497672
		U1 0.000000
		V1 0.000000
	Vertex
		Position [ -183.581772 -1211.339355 133.702423 ]
		Normal [ 0.012923 0.996582 0.081590 ]
		Tangent [ -0.494118 0.458824 0.992157 ]
		Color 0
		U0 0.425802
		V0 0.499036
		U1 0.000000
		V1 0.000000
	Vertex
		Position [ -183.581787 -1205.866455 66.853409 ]
		Normal [ 0.006467 0.999145 0.040830 ]
		Tangent [ -0.494118 0.474510 0.992157 ]
		Color 0
		U0 0.395519
		V0 0.499036
		U1 0.000000
		V1 0.000000
	Vertex
		Position [ -120.004585 -1205.866455 -20.653093 ]
		Normal [ 0.038832 0.999166 -0.012617 ]
		Tangent [ -0.494118 0.501961 0.992157 ]
		Color 0
		U0 0.355879
		V0 0.527836
		U1 0.000000
		V1 0.000000
	Vertex
		Position [ -56.427395 -1211.339355 -41.310585 ]
		Normal [ 0.077603 0.996665 -0.025215 ]
		Tangent [ -0.494118 0.509804 0.992157 ]
		Color 0
		U0 0.346521
		V0 0.556636
		U1 0.000000
		V1 0.000000
	Vertex
		Position [ -162.924301 -1228.238892 -63.572800 ]
		Normal [ 0.012617 -0.999166 -0.038832 ]
		Tangent [ -0.494118 0.474510 0.992157 ]
		Color 0
		U0 0.336437
		V0 0.508394
		U1 0.000000
		V1 0.000000
	Vertex
		Position [ -183.581787 -1228.238892 -66.844627 ]
		Normal [ 0.006467 -0.999145 -0.040830 ]
		Tangent [ -0.494118 0.474510 0.992157 ]
		Color 0
		U0 0.334955
		V0 0.499036
		U1 0.000000
		V1 0.000000
	Vertex
		Position [ -142.266830 -1222.765991 -127.149994 ]
		Normal [ 0.025215 -0.996665 -0.077603 ]
		Tangent [ -0.494118 0.458824 0.992157 ]
		Color 0
		U0 0.307636
		V0 0.517751
		U1 0.000000
		V1 0.000000
	Vertex
		Position [ -183.581802 -1222.765991 -133.693649 ]
		Normal [ 0.012923 -0.996582 -0.081590 ]
		Tangent [ -0.494118 0.458824 0.992157 ]
		Color 0
		U0 0.304672
		V0 0.499036
		U1 0.000000
		V1 0.000000
	Vertex
		Position [ -120.004585 -1228.238892 -20.653093 ]
		Normal [ 0.038832 -0.999166 -0.012617 ]
		Tangent [ -0.494118 0.486275 0.992157 ]
		Color 0
		U0 0.355879
		V0 0.527836
		U1 0.000000
		V1 0.000000
	Vertex
		Position [ -56.427395 -1222.765991 -41.310585 ]
		Normal [ 0.077603 -0.996665 -0.025215 ]
		Tangent [ -0.494118 0.486275 0.992157 ]
		Color 0
		U0 0.346521
		V0 0.556636
		U1 0.000000
		V1 0.000000
	Vertex
		Position [ -129.499786 -1205.866455 -39.288479 ]
		Normal [ 0.033033 0.999166 -0.024000 ]
		Tangent [ -0.494118 0.509804 0.992157 ]
		Color 0
		U0 0.347437
		V0 0.523535
		U1 0.000000
		V1 0.000000
	Vertex
		Position [ -75.417809 -1211.339355 -78.581345 ]
		Normal [ 0.066013 0.996665 -0.047961 ]
		Tangent [ -0.494118 0.521569 0.992157 ]
		Color 0
		U0 0.329638
		V0 0.548034
		U1 0.000000
		V1 0.000000
	Vertex
		Position [ -183.581802 -1211.339355 -133.693649 ]
		Normal [ 0.012923 0.996582 -0.081590 ]
		Tangent [ -0.494118 0.537255 0.992157 ]
		Color 0
		U0 0.304672
		V0 0.499036
		U1 0.000000
		V1 0.000000
	Vertex
		Position [ -142.266830 -1211.339355 -127.149994 ]
		Normal [ 0.025215 0.996665 -0.077603 ]
		Tangent [ -0.494118 0.537255 0.992157 ]
		Color 0
		U0 0.307636
		V0 0.517751
		U1 0.000000
		V1 0.000000
	Vertex
		Position [ -162.924301 -1205.866455 -63.572800 ]
		Normal [ 0.012617 0.999166 -0.038832 ]
		Tangent [ -0.494118 0.513726 0.992157 ]
		Color 0
		U0 0.336437
		V0 0.508394
		U1 0.000000
		V1 0.000000
	Vertex
		Position [ -183.581787 -1205.866455 -66.844627 ]
		Normal [ 0.006467 0.999145 -0.040830 ]
		Tangent [ -0.494118 0.513726 0.992157 ]
		Color 0
		U0 0.334955
		V0 0.499036
		U1 0.000000
		V1 0.000000
	Vertex
		Position [ -129.499786 -1228.238892 -39.288479 ]
		Normal [ 0.033033 -0.999166 -0.024000 ]
		Tangent [ -0.494118 0.486275 0.992157 ]
		Color 0
		U0 0.347437
		V0 0.523535
		U1 0.000000
		V1 0.000000
	Vertex
		Position [ -75.417809 -1222.765991 -78.581345 ]
		Normal [ 0.066013 -0.996665 -0.047961 ]
		Tangent [ -0.494118 0.474510 0.992157 ]
		Color 0
		U0 0.329638
		V0 0.548034
		U1 0.000000
		V1 0.000000
	Vertex
		Position [ -144.288910 -1205.866455 -54.077602 ]
		Normal [ 0.024000 0.999166 -0.033033 ]
		Tangent [ -0.494118 0.513726 0.992157 ]
		Color 0
		U0 0.340738
		V0 0.516835
		U1 0.000000
		V1 0.000000
	Vertex
		Position [ -104.996056 -1211.339355 -108.159599 ]
		Normal [ 0.047961 0.996665 -0.066013 ]
		Tangent [ -0.494118 0.529412 0.992157 ]
		Color 0
		U0 0.316239
		V0 0.534635
		U1 0.000000
		V1 0.000000
	Vertex
		Position [ -144.288910 -1228.238892 -54.077602 ]
		Normal [ 0.024000 -0.999166 -0.033033 ]
		Tangent [ -0.494118 0.482353 0.992157 ]
		Color 0
		U0 0.340738
		V0 0.516835
		U1 0.000000
		V1 0.000000
	Vertex
		Position [ -104.996056 -1222.765991 -108.159599 ]
		Normal [ 0.047961 -0.996665 -0.066013 ]
		Tangent [ -0.494118 0.466667 0.992157 ]
		Color 0
		U0 0.316239
		V0 0.534635
		U1 0.000000
		V1 0.000000
	Vertex
		Position [ -1189.555908 23.586378 13.074046 ]
		Normal [ -0.966894 0.077655 -0.243074 ]
		Tangent [ -0.368627 0.501961 0.011765 ]
		Color 0
		U0 0.086213
		V0 0.833057
		U1 0.000000
		V1 0.000000
	Vertex
		Position [ -1189.566162 26.935894 13.592904 ]
		Normal [ -0.953191 0.000000 -0.302367 ]
		Tangent [ -0.411765 0.501961 0.003922 ]
		Color 0
		U0 0.085659
		V0 0.829923
		U1 0.000000
		V1 0.000000
	Vertex
		Position [ -1194.969604 22.078833 22.767591 ]
		Normal [ -0.781767 0.115478 -0.612785 ]
		Tangent [ -0.168627 0.513726 0.113725 ]
		Color 0
		U0 0.075261
		V0 0.834607
		U1 0.000000
		V1 0.000000
	Vertex
		Position [ -1194.969604 31.792955 22.767591 ]
		Normal [ -0.781767 -0.115478 -0.612785 ]
		Tangent [ -0.176471 0.513726 0.113725 ]
		Color 0
		U0 0.075291
		V0 0.825306
		U1 0.000000
		V1 0.000000
	Vertex
		Position [ -1194.969604 31.792955 -22.758625 ]
		Normal [ -0.781767 -0.115479 0.612785 ]
		Tangent [ -0.819608 0.482353 0.113725 ]
		Color 0
		U0 0.123224
		V0 0.825287
		U1 0.000000
		V1 0.000000
	Vertex
		Position [ -1189.644287 27.006145 -13.716643 ]
		Normal [ -0.872290 -0.000900 0.488987 ]
		Tangent [ -0.584314 0.494118 0.003922 ]
		Color 0
		U0 0.112977
		V0 0.829899
		U1 0.000000
		V1 0.000000
	Vertex
		Position [ -1194.969604 22.078833 -22.758625 ]
		Normal [ -0.781667 0.114925 0.613017 ]
		Tangent [ -0.819608 0.482353 0.113725 ]
		Color 0
		U0 0.123202
		V0 0.834582
		U1 0.000000
		V1 0.000000
	Vertex
		Position [ -1189.555908 30.285408 -13.065082 ]
		Normal [ -0.966894 -0.077657 0.243074 ]
		Tangent [ -0.619608 0.494118 0.011765 ]
		Color 0
		U0 0.112266
		V0 0.826874
		U1 0.000000
		V1 0.000000
	Vertex
		Position [ -1189.566162 26.935894 -13.583941 ]
		Normal [ -0.968960 -0.000697 0.247216 ]
		Tangent [ -0.584314 0.494118 0.003922 ]
		Color 0
		U0 0.112827
		V0 0.829967
		U1 0.000000
		V1 0.000000
	Vertex
		Position [ 692.614075 164.530563 -606.364990 ]
		Normal [ 0.223969 0.959214 -0.172471 ]
		Tangent [ -0.694118 0.458824 0.039216 ]
		Color 0
		U0 0.735914
		V0 0.316511
		U1 0.000000
		V1 0.000000
	Vertex
		Position [ 694.695740 163.165207 -608.549805 ]
		Normal [ 0.361581 0.877751 -0.314345 ]
		Tangent [ -0.709804 0.427451 0.047059 ]
		Color 0
		U0 0.739832
		V0 0.326103
		U1 0.000000
		V1 0.000000
	Vertex
		Position [ 695.703918 163.341812 -606.257690 ]
		Normal [ 0.431895 0.886631 -0.165384 ]
		Tangent [ -0.686275 0.501961 0.031373 ]
		Color 0
		U0 0.731902
		V0 0.326055
		U1 0.000000
		V1 0.000000
	Vertex
		Position [ 693.572205 160.193207 -607.888977 ]
		Normal [ 0.698351 -0.078747 -0.711411 ]
		Tangent [ -0.831373 0.647059 0.156863 ]
		Color 0
		U0 0.685009
		V0 0.328409
		U1 0.000000
		V1 0.000000
	Vertex
		Position [ 691.543579 160.513031 -608.743896 ]
		Normal [ 0.014941 0.028945 -0.999469 ]
		Tangent [ -0.819608 0.874510 0.501961 ]
		Color 0
		U0 0.692328
		V0 0.331993
		U1 0.000000
		V1 0.000000
	Vertex
		Position [ 691.338257 159.617126 -608.962524 ]
		Normal [ 0.059894 0.223695 -0.972817 ]
		Tangent [ -0.831373 0.866667 0.556863 ]
		Color 0
		U0 0.690471
		V0 0.334699
		U1 0.000000
		V1 0.000000
	Vertex
		Position [ 693.627319 159.256149 -607.997253 ]
		Normal [ 0.700887 0.122794 -0.702623 ]
		Tangent [ -0.847059 0.647059 0.168627 ]
		Color 0
		U0 0.684115
		V0 0.331378
		U1 0.000000
		V1 0.000000
	Vertex
		Position [ 693.726440 160.855011 -608.007446 ]
		Normal [ 0.666855 -0.279384 -0.690832 ]
		Tangent [ -0.784314 0.592157 0.101961 ]
		Color 0
		U0 0.685621
		V0 0.325970
		U1 0.000000
		V1 0.000000
	Vertex
		Position [ 691.698853 161.174820 -608.862366 ]
		Normal [ -0.031154 -0.169273 -0.985077 ]
		Tangent [ -0.858824 0.800000 0.337255 ]
		Color 0
		U0 0.693760
		V0 0.329933
		U1 0.000000
		V1 0.000000
	Vertex
		Position [ 696.510864 161.326614 -610.801086 ]
		Normal [ 0.055406 -0.992132 -0.112264 ]
		Tangent [ -0.737255 0.466667 0.058824 ]
		Color 0
		U0 0.688791
		V0 0.313372
		U1 0.000000
		V1 0.000000
	Vertex
		Position [ 691.932739 162.048569 -612.729553 ]
		Normal [ -0.218299 -0.948968 -0.227607 ]
		Tangent [ -0.847059 0.513726 0.137255 ]
		Color 0
		U0 0.700124
		V0 0.317882
		U1 0.000000
		V1 0.000000
	Vertex
		Position [ 691.698853 161.174820 -608.862366 ]
		Normal [ -0.218299 -0.948968 -0.227607 ]
		Tangent [ -0.858824 0.800000 0.337255 ]
		Color 0
		U0 0.693760
		V0 0.329933
		U1 0.000000
		V1 0.000000
	Vertex
		Position [ 693.726440 160.855011 -608.007446 ]
		Normal [ 0.055406 -0.992132 -0.112264 ]
		Tangent [ -0.784314 0.592157 0.101961 ]
		Color 0
		U0 0.685621
		V0 0.325970
		U1 0.000000
		V1 0.000000
	Vertex
		Position [ 692.406738 163.526184 -609.514099 ]
		Normal [ 0.213565 0.903220 -0.372268 ]
		Tangent [ -0.713726 0.368627 0.066667 ]
		Color 0
		U0 0.745482
		V0 0.320513
		U1 0.000000
		V1 0.000000
	Vertex
		Position [ 691.932739 162.048569 -612.729553 ]
		Normal [ 0.208851 0.876568 -0.433600 ]
		Tangent [ -0.847059 0.513726 0.137255 ]
		Color 0
		U0 0.756251
		V0 0.324394
		U1 0.000000
		V1 0.000000
	Vertex
		Position [ 696.510864 161.326614 -610.801086 ]
		Normal [ 0.405816 0.840421 -0.359174 ]
		Tangent [ -0.737255 0.466667 0.058824 ]
		Color 0
		U0 0.744703
		V0 0.335951
		U1 0.000000
		V1 0.000000
	Vertex
		Position [ 698.527222 161.679825 -606.216858 ]
		Normal [ 0.502473 0.849639 -0.160109 ]
		Tangent [ -0.611765 0.458824 0.011765 ]
		Color 0
		U0 0.728369
		V0 0.335932
		U1 0.000000
		V1 0.000000
	Vertex
		Position [ 689.569153 161.121811 -607.921631 ]
		Normal [ -0.650475 0.234116 -0.722545 ]
		Tangent [ -0.592157 0.929412 0.721569 ]
		Color 0
		U0 0.698346
		V0 0.337532
		U1 0.000000
		V1 0.000000
	Vertex
		Position [ 689.109497 160.304352 -608.035034 ]
		Normal [ -0.564155 0.416252 -0.713066 ]
		Tangent [ -0.556863 0.901961 0.776471 ]
		Color 0
		U0 0.696174
		V0 0.339791
		U1 0.000000
		V1 0.000000
	Vertex
		Position [ 689.724426 161.783600 -608.041138 ]
		Normal [ -0.710852 0.040145 -0.702195 ]
		Tangent [ -0.631373 0.949020 0.658824 ]
		Color 0
		U0 0.700224
		V0 0.335815
		U1 0.000000
		V1 0.000000
	Vertex
		Position [ 687.475220 163.422913 -610.874634 ]
		Normal [ -0.484782 -0.866814 -0.116707 ]
		Tangent [ -0.921569 0.741176 0.427451 ]
		Color 0
		U0 0.710927
		V0 0.327371
		U1 0.000000
		V1 0.000000
	Vertex
		Position [ 689.724426 161.783600 -608.041138 ]
		Normal [ -0.484782 -0.866814 -0.116707 ]
		Tangent [ -0.921569 0.741176 0.427451 ]
		Color 0
		U0 0.700224
		V0 0.335815
		U1 0.000000
		V1 0.000000
	Vertex
		Position [ 690.177917 164.213409 -608.586609 ]
		Normal [ 0.074041 0.947109 -0.312253 ]
		Tangent [ -0.713726 0.368627 0.066667 ]
		Color 0
		U0 0.745522
		V0 0.312540
		U1 0.000000
		V1 0.000000
	Vertex
		Position [ 687.475220 163.422913 -610.874634 ]
		Normal [ 0.025997 0.934991 -0.353716 ]
		Tangent [ -0.713726 0.341176 0.074510 ]
		Color 0
		U0 0.756251
		V0 0.308098
		U1 0.000000
		V1 0.000000
	Vertex
		Position [ 696.800964 162.901474 -601.663269 ]
		Normal [ 0.072727 -0.897998 0.433947 ]
		Tangent [ -0.294118 0.313726 0.082353 ]
		Color 0
		U0 0.664458
		V0 0.315034
		U1 0.000000
		V1 0.000000
	Vertex
		Position [ 698.527222 161.679825 -606.216858 ]
		Normal [ 0.175974 -0.971014 0.161753 ]
		Tangent [ -0.611765 0.458824 0.011765 ]
		Color 0
		U0 0.677150
		V0 0.312378
		U1 0.000000
		V1 0.000000
	Vertex
		Position [ 694.619141 161.011490 -605.977844 ]
		Normal [ 0.175974 -0.971014 0.161753 ]
		Tangent [ -0.537255 0.384314 0.011765 ]
		Color 0
		U0 0.676994
		V0 0.325659
		U1 0.000000
		V1 0.000000
	Vertex
		Position [ 693.855103 161.552658 -603.960510 ]
		Normal [ 0.072727 -0.897998 0.433947 ]
		Tangent [ -0.258824 0.247059 0.137255 ]
		Color 0
		U0 0.669050
		V0 0.327601
		U1 0.000000
		V1 0.000000
	Vertex
		Position [ 693.855103 161.552658 -603.960510 ]
		Normal [ 0.710874 -0.040062 0.702177 ]
		Tangent [ -0.258824 0.247059 0.137255 ]
		Color 0
		U0 0.669050
		V0 0.327601
		U1 0.000000
		V1 0.000000
	Vertex
		Position [ 694.619141 161.011490 -605.977844 ]
		Normal [ 0.974111 -0.225925 0.008046 ]
		Tangent [ -0.537255 0.384314 0.011765 ]
		Color 0
		U0 0.676994
		V0 0.325659
		U1 0.000000
		V1 0.000000
	Vertex
		Position [ 694.464905 160.349701 -605.858337 ]
		Normal [ 0.999292 -0.025987 -0.027221 ]
		Tangent [ -0.513726 0.364706 0.011765 ]
		Color 0
		U0 0.677227
		V0 0.328074
		U1 0.000000
		V1 0.000000
	Vertex
		Position [ 693.699890 160.890762 -603.841980 ]
		Normal [ 0.741594 0.156173 0.652417 ]
		Tangent [ -0.200000 0.200000 0.231373 ]
		Color 0
		U0 0.669828
		V0 0.329813
		U1 0.000000
		V1 0.000000
	Vertex
		Position [ 694.635498 159.432755 -605.706116 ]
		Normal [ 0.983083 0.172716 -0.060961 ]
		Tangent [ -0.501961 0.364706 0.011765 ]
		Color 0
		U0 0.677413
		V0 0.330992
		U1 0.000000
		V1 0.000000
	Vertex
		Position [ 693.772400 160.043579 -603.429321 ]
		Normal [ 0.741407 0.343700 0.576355 ]
		Tangent [ -0.168627 0.211765 0.247059 ]
		Color 0
		U0 0.670711
		V0 0.332539
		U1 0.000000
		V1 0.000000
	Vertex
		Position [ 694.840820 163.952637 -603.980896 ]
		Normal [ 0.376065 0.926510 -0.012439 ]
		Tangent [ -0.666667 0.556863 0.031373 ]
		Color 0
		U0 0.726383
		V0 0.320436
