TXT
MeshData
	maxDiffuseMipLevel 0
	hasValidTangents TRUE
	BoundingRadius 1535.751221
	MaxBoundingExtents [ 1164.304565 631.523193 1164.304565 ]
	MinBoundingExtents [ -1164.304565 -731.790039 -1164.304565 ]
	NumMaterials 1
	Material
		DiffuseTextureFileName "StarBaseTech-cl.dds"
		SelfIlluminationTextureFileName "StarBaseTech-da.dds"
		NormalTextureFileName "StarBaseTech-nm.dds"
		DisplacementTextureFileName ""
		TeamColorTextureFileName ""
		Diffuse ffffffff
		Ambient ffffffff
		Specular ffffffff
		Emissive ffffffff
		Glossiness 50.000000
	NumPoints 73
	Point
		DataString "Above"
		Position [ 0.000000 900.000000 0.000000 ]
		Orientation
			 [ 1.000000 0.000000 0.000000 ]
			 [ 0.000000 1.000000 0.000000 ]
			 [ 0.000000 0.000000 1.000000 ]
	Point
		DataString "Aura"
		Position [ 0.000000 -900.000000 0.000000 ]
		Orientation
			 [ 1.000000 0.000000 0.000000 ]
			 [ 0.000000 1.000000 0.000000 ]
			 [ 0.000000 0.000000 1.000000 ]
	Point
		DataString "Center"
		Position [ 0.000000 0.000000 0.000000 ]
		Orientation
			 [ 1.000000 0.000000 0.000000 ]
			 [ 0.000000 1.000000 0.000000 ]
			 [ 0.000000 0.000000 1.000000 ]
	Point
		DataString "Flair-Flair_Blink"
		Position [ -1031.296875 -417.219635 -1055.567261 ]
		Orientation
			 [ -0.707107 0.000000 0.707107 ]
			 [ 0.000000 1.000000 0.000000 ]
			 [ -0.707107 0.000000 -0.707107 ]
	Point
		DataString "Flair-Flair_Blink"
		Position [ 1033.567871 -417.219635 -1058.474243 ]
		Orientation
			 [ -0.707107 0.000000 -0.707107 ]
			 [ 0.000000 1.000000 0.000000 ]
			 [ 0.707107 0.000000 -0.707107 ]
	Point
		DataString "Flair-Flair_Blink"
		Position [ 1031.544678 -417.219635 1055.690918 ]
		Orientation
			 [ 0.707107 0.000000 -0.707107 ]
			 [ 0.000000 1.000000 0.000000 ]
			 [ 0.707107 0.000000 0.707107 ]
	Point
		DataString "Flair-Flair_Blink"
		Position [ -1030.798950 -417.219635 1056.376099 ]
		Orientation
			 [ 0.707107 0.000000 0.707107 ]
			 [ 0.000000 1.000000 0.000000 ]
			 [ -0.707107 0.000000 0.707107 ]
	Point
		DataString "Hangar"
		Position [ 0.000000 500.000000 0.000000 ]
		Orientation
			 [ 1.000000 0.000000 0.000000 ]
			 [ 0.000000 -0.000000 -1.000000 ]
			 [ 0.000000 1.000000 -0.000000 ]
	Point
		DataString "Hangar"
		Position [ -0.000022 500.000000 -250.000000 ]
		Orientation
			 [ 1.000000 0.000000 0.000000 ]
			 [ 0.000000 -0.000000 -1.000000 ]
			 [ 0.000000 1.000000 -0.000000 ]
	Point
		DataString "Hangar"
		Position [ 0.000022 500.000000 250.000000 ]
		Orientation
			 [ 1.000000 0.000000 0.000000 ]
			 [ 0.000000 -0.000000 -1.000000 ]
			 [ 0.000000 1.000000 -0.000000 ]
	Point
		DataString "Hangar"
		Position [ -250.000000 500.000000 0.000022 ]
		Orientation
			 [ 1.000000 0.000000 0.000000 ]
			 [ 0.000000 -0.000000 -1.000000 ]
			 [ 0.000000 1.000000 -0.000000 ]
	Point
		DataString "Hangar"
		Position [ 250.000000 500.000000 -0.000022 ]
		Orientation
			 [ 1.000000 0.000000 0.000000 ]
			 [ 0.000000 -0.000000 -1.000000 ]
			 [ 0.000000 1.000000 -0.000000 ]
	Point
		DataString "Weapon-1"
		Position [ -1095.817139 245.111359 1029.700073 ]
		Orientation
			 [ 0.707107 0.000000 0.707107 ]
			 [ 0.000000 1.000000 0.000000 ]
			 [ -0.707107 0.000000 0.707107 ]
	Point
		DataString "Weapon-1"
		Position [ -1023.312744 245.111359 1102.204468 ]
		Orientation
			 [ 0.707107 0.000000 0.707107 ]
			 [ 0.000000 1.000000 0.000000 ]
			 [ -0.707107 0.000000 0.707107 ]
	Point
		DataString "Weapon-1"
		Position [ 1023.553589 245.111359 1102.771240 ]
		Orientation
			 [ 0.707107 0.000000 -0.707107 ]
			 [ 0.000000 1.000000 0.000000 ]
			 [ 0.707107 0.000000 0.707107 ]
	Point
		DataString "Weapon-1"
		Position [ 1096.491211 245.111359 1029.833618 ]
		Orientation
			 [ 0.707107 0.000000 -0.707107 ]
			 [ 0.000000 1.000000 0.000000 ]
			 [ 0.707107 0.000000 0.707107 ]
	Point
		DataString "Weapon-1"
		Position [ 1096.602173 245.111359 -1030.291138 ]
		Orientation
			 [ -0.707107 0.000000 -0.707107 ]
			 [ 0.000000 1.000000 0.000000 ]
			 [ 0.707107 0.000000 -0.707107 ]
	Point
		DataString "Weapon-1"
		Position [ 1023.798218 245.111359 -1103.095215 ]
		Orientation
			 [ -0.707107 0.000000 -0.707107 ]
			 [ 0.000000 1.000000 0.000000 ]
			 [ 0.707107 0.000000 -0.707107 ]
	Point
		DataString "Weapon-1"
		Position [ -1023.296997 245.111359 -1103.094971 ]
		Orientation
			 [ -0.707107 0.000000 0.707107 ]
			 [ 0.000000 1.000000 0.000000 ]
			 [ -0.707107 0.000000 -0.707107 ]
	Point
		DataString "Weapon-1"
		Position [ -1096.552612 245.111359 -1029.839355 ]
		Orientation
			 [ -0.707107 0.000000 0.707107 ]
			 [ 0.000000 1.000000 0.000000 ]
			 [ -0.707107 0.000000 -0.707107 ]
	Point
		DataString "Weapon-0"
		Position [ -1160.129028 224.705841 514.730164 ]
		Orientation
			 [ -0.000000 0.000000 1.000000 ]
			 [ 0.000000 1.000000 0.000000 ]
			 [ -1.000000 0.000000 -0.000000 ]
	Point
		DataString "Weapon-0"
		Position [ -1160.129028 224.705841 37.897953 ]
		Orientation
			 [ -0.000000 0.000000 1.000000 ]
			 [ 0.000000 1.000000 0.000000 ]
			 [ -1.000000 0.000000 -0.000000 ]
	Point
		DataString "Weapon-0"
		Position [ -1160.129028 224.705841 -691.783386 ]
		Orientation
			 [ -0.000000 0.000000 1.000000 ]
			 [ 0.000000 1.000000 0.000000 ]
			 [ -1.000000 0.000000 -0.000000 ]
	Point
		DataString "Weapon-0"
		Position [ -155.188156 224.705841 -1157.290283 ]
		Orientation
			 [ -1.000000 0.000000 -0.000000 ]
			 [ 0.000000 1.000000 0.000000 ]
			 [ 0.000000 0.000000 -1.000000 ]
	Point
		DataString "Weapon-0"
		Position [ 1160.703735 224.705841 118.829491 ]
		Orientation
			 [ 0.000000 0.000000 -1.000000 ]
			 [ 0.000000 1.000000 0.000000 ]
			 [ 1.000000 0.000000 0.000000 ]
	Point
		DataString "Flair-Flair_Starbase_core"
		Position [ 0.000000 330.331757 0.000000 ]
		Orientation
			 [ 1.000000 0.000000 0.000000 ]
			 [ 0.000000 -0.000000 -1.000000 ]
			 [ 0.000000 1.000000 -0.000000 ]
	Point
		DataString "Flair-Flair_Starbase_haze"
		Position [ 382.875916 -417.219635 -564.341125 ]
		Orientation
			 [ -0.707107 0.000000 -0.707107 ]
			 [ 0.000000 1.000000 0.000000 ]
			 [ 0.707107 0.000000 -0.707107 ]
	Point
		DataString "Flair-Flair_Starbase_haze"
		Position [ 559.309998 -417.219635 -387.907104 ]
		Orientation
			 [ -0.707107 0.000000 -0.707107 ]
			 [ 0.000000 1.000000 0.000000 ]
			 [ 0.707107 0.000000 -0.707107 ]
	Point
		DataString "Flair-Flair_Starbase_haze"
		Position [ 562.124878 -417.219635 380.078186 ]
		Orientation
			 [ 0.707107 0.000000 -0.707107 ]
			 [ 0.000000 1.000000 0.000000 ]
			 [ 0.707107 0.000000 0.707107 ]
	Point
		DataString "Flair-Flair_Starbase_haze"
		Position [ 382.172607 -417.219635 560.030457 ]
		Orientation
			 [ 0.707107 0.000000 -0.707107 ]
			 [ 0.000000 1.000000 0.000000 ]
			 [ 0.707107 0.000000 0.707107 ]
	Point
		DataString "Flair-Flair_Starbase_haze"
		Position [ -376.708496 -417.219635 560.214600 ]
		Orientation
			 [ 0.707107 0.000000 0.707107 ]
			 [ 0.000000 1.000000 0.000000 ]
			 [ -0.707107 0.000000 0.707107 ]
	Point
		DataString "Flair-Flair_Starbase_haze"
		Position [ -561.095337 -417.219635 375.827789 ]
		Orientation
			 [ 0.707107 0.000000 0.707107 ]
			 [ 0.000000 1.000000 0.000000 ]
			 [ -0.707107 0.000000 0.707107 ]
	Point
		DataString "Flair-Flair_Starbase_haze"
		Position [ -573.273499 -417.219635 -380.902191 ]
		Orientation
			 [ -0.707107 0.000000 0.707106 ]
			 [ 0.000000 1.000000 0.000000 ]
			 [ -0.707106 0.000000 -0.707107 ]
	Point
		DataString "Flair-Flair_Starbase_haze"
		Position [ -389.894928 -417.219635 -564.280762 ]
		Orientation
			 [ -0.707107 0.000000 0.707106 ]
			 [ 0.000000 1.000000 0.000000 ]
			 [ -0.707106 0.000000 -0.707107 ]
	Point
		DataString "Flair-Flair_Starbase_cityglow"
		Position [ -854.924744 407.986389 140.090317 ]
		Orientation
			 [ 0.898298 -0.439387 0.000000 ]
			 [ -0.000000 -0.000000 -1.000000 ]
			 [ 0.439387 0.898298 -0.000000 ]
	Point
		DataString "Build-Tech_ShipyardBuildEffect"
		Position [ 128.941879 330.331757 11.103124 ]
		Orientation
			 [ -0.030911 -0.073223 0.996836 ]
			 [ -0.911263 0.411820 0.001993 ]
			 [ -0.410663 -0.908319 -0.079455 ]
	Point
		DataString "ShipBuild"
		Position [ 0.000000 413.713959 0.000000 ]
		Orientation
			 [ 1.000000 0.000000 0.000000 ]
			 [ 0.000000 1.000000 0.000000 ]
			 [ 0.000000 0.000000 1.000000 ]
	Point
		DataString "Build-Tech_ShipyardBuildEffect"
		Position [ -37.709339 327.412964 96.867432 ]
		Orientation
			 [ -0.979084 0.066873 -0.192150 ]
			 [ -0.146189 0.425620 0.893016 ]
			 [ 0.141501 0.902428 -0.406942 ]
	Point
		DataString "Build-Tech_ShipyardBuildEffect"
		Position [ -113.546890 311.257324 95.148689 ]
		Orientation
			 [ -0.586667 0.000000 -0.809828 ]
			 [ -0.682772 0.537745 0.494623 ]
			 [ 0.435481 0.843107 -0.315477 ]
	Point
		DataString "Build-Tech_ShipyardBuildEffect"
		Position [ -147.294449 328.677551 -101.293221 ]
		Orientation
			 [ 0.546665 -0.213641 -0.809639 ]
			 [ -0.235500 0.888650 -0.393498 ]
			 [ 0.803553 0.405781 0.435481 ]
	Point
		DataString "Build-Tech_ShipyardBuildEffect"
		Position [ 18.455509 328.677551 -108.325424 ]
		Orientation
			 [ 0.985379 0.106843 0.132717 ]
			 [ 0.073660 0.435251 -0.897291 ]
			 [ -0.153634 0.893947 0.421017 ]
	Point
		DataString "Flair-Flair_Starbase_haze"
		Position [ -737.452148 133.084244 305.097748 ]
		Orientation
			 [ 1.000000 0.000000 0.000000 ]
			 [ 0.000000 -0.000000 1.000000 ]
			 [ 0.000000 -1.000000 -0.000000 ]
	Point
		DataString "Flair-Flair_Starbase_haze"
		Position [ -737.452148 133.084244 -266.044647 ]
		Orientation
			 [ 1.000000 0.000000 0.000000 ]
			 [ 0.000000 -0.000000 1.000000 ]
			 [ 0.000000 -1.000000 -0.000000 ]
	Point
		DataString "Flair-Flair_Starbase_haze"
		Position [ -261.939514 133.084244 -693.540771 ]
		Orientation
			 [ 1.000000 0.000000 0.000000 ]
			 [ 0.000000 -0.000000 1.000000 ]
			 [ 0.000000 -1.000000 -0.000000 ]
	Point
		DataString "Flair-Flair_Starbase_haze"
		Position [ 241.807800 133.084244 -693.540771 ]
		Orientation
			 [ 1.000000 0.000000 0.000000 ]
			 [ 0.000000 -0.000000 1.000000 ]
			 [ 0.000000 -1.000000 -0.000000 ]
	Point
		DataString "Flair-Flair_Starbase_haze"
		Position [ 688.236084 133.084244 -258.931488 ]
		Orientation
			 [ 1.000000 0.000000 0.000000 ]
			 [ 0.000000 -0.000000 1.000000 ]
			 [ 0.000000 -1.000000 -0.000000 ]
	Point
		DataString "Flair-Flair_Starbase_haze"
		Position [ 688.236084 133.084244 257.665771 ]
		Orientation
			 [ 1.000000 0.000000 0.000000 ]
			 [ 0.000000 -0.000000 1.000000 ]
			 [ 0.000000 -1.000000 -0.000000 ]
	Point
		DataString "Flair-Flair_Starbase_haze"
		Position [ 255.587753 133.084244 668.312927 ]
		Orientation
			 [ 1.000000 0.000000 0.000000 ]
			 [ 0.000000 -0.000000 1.000000 ]
			 [ 0.000000 -1.000000 -0.000000 ]
	Point
		DataString "Flair-Flair_Starbase_haze"
		Position [ -247.866592 133.084244 668.312927 ]
		Orientation
			 [ 1.000000 0.000000 0.000000 ]
			 [ 0.000000 -0.000000 1.000000 ]
			 [ 0.000000 -1.000000 -0.000000 ]
	Point
		DataString "Flair-Flair_Starbase_cityglow"
		Position [ -138.414642 413.304321 -859.811096 ]
		Orientation
			 [ 0.000000 0.439387 -0.898298 ]
			 [ -1.000000 -0.000000 -0.000000 ]
			 [ -0.000000 0.898298 0.439387 ]
	Point
		DataString "Flair-Flair_Starbase_cityglow"
		Position [ 728.908081 477.024109 -208.501633 ]
		Orientation
			 [ -0.898298 -0.439386 0.000000 ]
			 [ 0.000000 -0.000000 1.000000 ]
			 [ -0.439386 0.898298 0.000000 ]
	Point
		DataString "Flair-Flair_Starbase_cityglow"
		Position [ -211.740997 477.024109 728.908081 ]
		Orientation
			 [ -0.000000 -0.439386 -0.898298 ]
			 [ 1.000000 0.000000 -0.000000 ]
			 [ 0.000000 -0.898298 0.439386 ]
	Point
		DataString "Weapon-0"
		Position [ 478.460632 224.705841 1154.516235 ]
		Orientation
			 [ 1.000000 0.000000 0.000000 ]
			 [ 0.000000 1.000000 0.000000 ]
			 [ 0.000000 0.000000 1.000000 ]
	Point
		DataString "Weapon-0"
		Position [ 122.779930 224.705841 1154.516235 ]
		Orientation
			 [ 1.000000 0.000000 0.000000 ]
			 [ 0.000000 1.000000 0.000000 ]
			 [ 0.000000 0.000000 1.000000 ]
	Point
		DataString "Weapon-0"
		Position [ 36.712868 224.705841 1154.516235 ]
		Orientation
			 [ 1.000000 0.000000 0.000000 ]
			 [ 0.000000 1.000000 0.000000 ]
			 [ 0.000000 0.000000 1.000000 ]
	Point
		DataString "Weapon-0"
		Position [ -70.453461 224.705841 1154.516235 ]
		Orientation
			 [ 1.000000 0.000000 0.000000 ]
			 [ 0.000000 1.000000 0.000000 ]
			 [ 0.000000 0.000000 1.000000 ]
	Point
		DataString "Weapon-0"
		Position [ -183.811203 224.705841 1154.516235 ]
		Orientation
			 [ 1.000000 0.000000 0.000000 ]
			 [ 0.000000 1.000000 0.000000 ]
			 [ 0.000000 0.000000 1.000000 ]
	Point
		DataString "Weapon-0"
		Position [ -608.992126 224.705841 1154.516235 ]
		Orientation
			 [ 1.000000 0.000000 0.000000 ]
			 [ 0.000000 1.000000 0.000000 ]
			 [ 0.000000 0.000000 1.000000 ]
	Point
		DataString "Weapon-0"
		Position [ -1160.129028 224.705841 -68.064903 ]
		Orientation
			 [ -0.000000 0.000000 1.000000 ]
			 [ 0.000000 1.000000 0.000000 ]
			 [ -1.000000 0.000000 -0.000000 ]
	Point
		DataString "Weapon-0"
		Position [ -1160.129028 224.705841 222.996185 ]
		Orientation
			 [ -0.000000 0.000000 1.000000 ]
			 [ 0.000000 1.000000 0.000000 ]
			 [ -1.000000 0.000000 -0.000000 ]
	Point
		DataString "Weapon-0"
		Position [ -1160.129028 224.705841 -185.746567 ]
		Orientation
			 [ -0.000000 0.000000 1.000000 ]
			 [ 0.000000 1.000000 0.000000 ]
			 [ -1.000000 0.000000 -0.000000 ]
	Point
		DataString "Weapon-0"
		Position [ -549.103943 224.705841 -1157.290283 ]
		Orientation
			 [ -1.000000 0.000000 -0.000000 ]
			 [ 0.000000 1.000000 0.000000 ]
			 [ 0.000000 0.000000 -1.000000 ]
	Point
		DataString "Weapon-0"
		Position [ 40.418758 224.705841 -1157.290283 ]
		Orientation
			 [ -1.000000 0.000000 -0.000000 ]
			 [ 0.000000 1.000000 0.000000 ]
			 [ 0.000000 0.000000 -1.000000 ]
	Point
		DataString "Weapon-0"
		Position [ 186.698242 224.705841 -1157.290283 ]
		Orientation
			 [ -1.000000 0.000000 -0.000000 ]
			 [ 0.000000 1.000000 0.000000 ]
			 [ 0.000000 0.000000 -1.000000 ]
	Point
		DataString "Weapon-0"
		Position [ 609.893372 224.705841 -1157.290283 ]
		Orientation
			 [ -1.000000 0.000000 -0.000000 ]
			 [ 0.000000 1.000000 0.000000 ]
			 [ 0.000000 0.000000 -1.000000 ]
	Point
		DataString "Weapon-0"
		Position [ -36.435425 224.705841 -1157.290283 ]
		Orientation
			 [ -1.000000 0.000000 -0.000000 ]
			 [ 0.000000 1.000000 0.000000 ]
			 [ 0.000000 0.000000 -1.000000 ]
	Point
		DataString "Weapon-0"
		Position [ 1160.703735 224.705841 -580.723877 ]
		Orientation
			 [ 0.000000 0.000000 -1.000000 ]
			 [ 0.000000 1.000000 0.000000 ]
			 [ 1.000000 0.000000 0.000000 ]
	Point
		DataString "Weapon-0"
		Position [ 1160.703735 224.705841 -32.754025 ]
		Orientation
			 [ 0.000000 0.000000 -1.000000 ]
			 [ 0.000000 1.000000 0.000000 ]
			 [ 1.000000 0.000000 0.000000 ]
	Point
		DataString "Weapon-0"
		Position [ 1160.703735 224.705841 298.413605 ]
		Orientation
			 [ 0.000000 0.000000 -1.000000 ]
			 [ 0.000000 1.000000 0.000000 ]
			 [ 1.000000 0.000000 0.000000 ]
	Point
		DataString "Weapon-0"
		Position [ 1160.703735 224.705841 -189.939240 ]
		Orientation
			 [ 0.000000 0.000000 -1.000000 ]
			 [ 0.000000 1.000000 0.000000 ]
			 [ 1.000000 0.000000 0.000000 ]
	Point
		DataString "Weapon-0"
		Position [ 1160.703735 224.705841 657.636047 ]
		Orientation
			 [ 0.000000 0.000000 -1.000000 ]
			 [ 0.000000 1.000000 0.000000 ]
			 [ 1.000000 0.000000 0.000000 ]
	Point
		DataString "Ability-1"
		Position [ 0.000000 0.000000 0.000000 ]
		Orientation
			 [ 1.000000 0.000000 0.000000 ]
			 [ 0.000000 1.000000 0.000000 ]
			 [ 0.000000 0.000000 1.000000 ]
	Point
		DataString "Ability-0"
		Position [ 0.000000 0.000000 0.000000 ]
		Orientation
			 [ 1.000000 0.000000 0.000000 ]
			 [ 0.000000 1.000000 0.000000 ]
			 [ 0.000000 0.000000 1.000000 ]
	NumVertices 14688
	Vertex
		Position [ -15.581401 628.599976 448.870789 ]
		Normal [ 0.000000 0.877240 0.480053 ]
		Tangent [ -0.247059 0.537255 0.066667 ]
		Color 0
		U0 0.839249
		V0 0.002900
		U1 1.157349
		V1 -0.239576
	Vertex
		Position [ -15.581339 243.207443 1153.129639 ]
		Normal [ 0.000000 0.877240 0.480053 ]
		Tangent [ -0.231373 0.721569 0.137255 ]
		Color 0
		U0 0.601213
		V0 0.192549
		U1 0.967700
		V1 -0.477612
	Vertex
		Position [ -300.938354 628.599976 448.870819 ]
		Normal [ 0.000000 0.877240 0.480053 ]
		Tangent [ -0.219608 0.627451 0.101961 ]
		Color 0
		U0 0.974070
		V0 0.045204
		U1 1.115045
		V1 -0.104755
	Vertex
		Position [ 15.581479 628.599976 448.870789 ]
		Normal [ 0.000000 0.877240 0.480053 ]
		Tangent [ -0.074510 0.658824 0.286275 ]
		Color 0
		U0 0.839249
		V0 0.002900
		U1 1.533831
		V1 0.023912
	Vertex
		Position [ 300.938416 628.599976 448.870758 ]
		Normal [ 0.000000 0.877240 0.480053 ]
		Tangent [ -0.086275 0.458824 0.203922 ]
		Color 0
		U0 0.974067
		V0 0.045205
		U1 1.668650
		V1 -0.018393
	Vertex
		Position [ 15.581541 243.207443 1153.129639 ]
		Normal [ 0.000000 0.877240 0.480053 ]
		Tangent [ -0.086275 0.729412 0.329412 ]
		Color 0
		U0 0.601213
		V0 0.192549
		U1 1.295795
		V1 -0.165737
	Vertex
		Position [ 448.870789 628.599976 15.581401 ]
		Normal [ 0.480053 0.877240 -0.000000 ]
		Tangent [ -0.286275 0.329412 0.074510 ]
		Color 0
		U0 0.839249
		V0 0.002900
		U1 2.569495
		V1 0.243169
	Vertex
		Position [ 1153.129639 243.207443 15.581339 ]
		Normal [ 0.480053 0.877240 -0.000000 ]
		Tangent [ -0.329412 0.258824 0.086275 ]
		Color 0
		U0 0.601212
		V0 0.192549
		U1 2.807532
		V1 0.053520
	Vertex
		Position [ 448.870819 628.599976 300.938354 ]
		Normal [ 0.480053 0.877240 -0.000000 ]
		Tangent [ -0.203922 0.529412 0.086275 ]
		Color 0
		U0 0.974068
		V0 0.045204
		U1 2.434676
		V1 0.200865
	Vertex
		Position [ 448.870789 628.599976 -15.581479 ]
		Normal [ 0.480053 0.877240 -0.000000 ]
		Tangent [ -0.066667 0.454902 0.247059 ]
		Color 0
		U0 0.839245
		V0 0.002900
		U1 2.176333
		V1 -0.026200
	Vertex
		Position [ 448.870758 628.599976 -300.938416 ]
		Normal [ 0.480053 0.877240 -0.000000 ]
		Tangent [ -0.101961 0.364706 0.219608 ]
		Color 0
		U0 0.974067
		V0 0.045205
		U1 2.218638
		V1 0.108621
	Vertex
		Position [ 1153.129639 243.207443 -15.581541 ]
		Normal [ 0.480053 0.877240 -0.000000 ]
		Tangent [ -0.137255 0.266667 0.231373 ]
		Color 0
		U0 0.601210
		V0 0.192549
		U1 2.365982
		V1 -0.264236
	Vertex
		Position [ 15.581401 628.599976 -448.870789 ]
		Normal [ -0.000000 0.877240 -0.480053 ]
		Tangent [ -0.247059 0.454902 0.066667 ]
		Color 0
		U0 0.839249
		V0 0.002900
		U1 1.648198
		V1 0.250551
	Vertex
		Position [ 15.581339 243.207443 -1153.129639 ]
		Normal [ -0.000000 0.877240 -0.480053 ]
		Tangent [ -0.231373 0.266667 0.137255 ]
		Color 0
		U0 0.601213
		V0 0.192547
		U1 1.837846
		V1 0.488587
	Vertex
		Position [ 300.938354 628.599976 -448.870819 ]
		Normal [ -0.000000 0.877240 -0.480053 ]
		Tangent [ -0.219608 0.364706 0.101961 ]
		Color 0
		U0 0.974067
		V0 0.045203
		U1 1.690502
		V1 0.115732
	Vertex
		Position [ -448.870789 628.599976 15.581479 ]
		Normal [ -0.480053 0.877240 0.000000 ]
		Tangent [ -0.066667 0.537255 0.247059 ]
		Color 0
		U0 0.839249
		V0 0.002900
		U1 1.682178
		V1 0.497929
	Vertex
		Position [ -448.870758 628.599976 300.938416 ]
		Normal [ -0.480053 0.877240 0.000000 ]
		Tangent [ -0.101961 0.627451 0.219608 ]
		Color 0
		U0 0.974070
		V0 0.045205
		U1 1.639873
		V1 0.363108
	Vertex
		Position [ -1153.129639 243.207443 15.581541 ]
		Normal [ -0.480053 0.877240 0.000000 ]
		Tangent [ -0.137255 0.721569 0.231373 ]
		Color 0
		U0 0.601213
		V0 0.192549
		U1 1.492529
		V1 0.735965
	Vertex
		Position [ -448.870789 628.599976 -15.581401 ]
		Normal [ -0.480053 0.877240 0.000000 ]
		Tangent [ -0.286275 0.658824 0.074510 ]
		Color 0
		U0 0.839249
		V0 0.002900
		U1 1.911013
		V1 0.481276
	Vertex
		Position [ -1153.129639 243.207443 -15.581339 ]
		Normal [ -0.480053 0.877240 0.000000 ]
		Tangent [ -0.329412 0.729412 0.086275 ]
		Color 0
		U0 0.601213
		V0 0.192549
		U1 1.672977
		V1 0.670925
	Vertex
		Position [ -448.870819 628.599976 -300.938354 ]
		Normal [ -0.480053 0.877240 0.000000 ]
		Tangent [ -0.203922 0.458824 0.086275 ]
		Color 0
		U0 0.974070
		V0 0.045205
		U1 2.045834
		V1 0.523581
	Vertex
		Position [ -15.581479 628.599976 -448.870789 ]
		Normal [ -0.000000 0.877240 -0.480053 ]
		Tangent [ -0.074510 0.329412 0.286275 ]
		Color 0
		U0 0.839251
		V0 0.002900
		U1 2.069061
		V1 0.372065
	Vertex
		Position [ -300.938416 628.599976 -448.870758 ]
		Normal [ -0.000000 0.877240 -0.480053 ]
		Tangent [ -0.086275 0.529412 0.203922 ]
		Color 0
		U0 0.974070
		V0 0.045205
		U1 1.934242
		V1 0.329760
	Vertex
		Position [ -15.581541 243.207443 -1153.129639 ]
		Normal [ -0.000000 0.877240 -0.480053 ]
		Tangent [ -0.086275 0.258824 0.329412 ]
		Color 0
		U0 0.601215
		V0 0.192549
		U1 2.307097
		V1 0.182416
	Vertex
		Position [ 1041.582886 -405.443573 -1052.890259 ]
		Normal [ 0.707107 0.000000 0.707107 ]
		Tangent [ -0.494118 0.992157 0.494118 ]
		Color 0
		U0 0.330314
		V0 0.329808
		U1 0.330314
		V1 0.329808
	Vertex
		Position [ 1034.725708 -425.751984 -1046.033081 ]
		Normal [ 0.707107 0.000000 0.707107 ]
		Tangent [ -0.494118 0.992157 0.494118 ]
		Color 0
		U0 0.317696
		V0 0.332820
		U1 0.317696
		V1 0.332820
	Vertex
		Position [ 942.588928 -425.751984 -953.896179 ]
		Normal [ 0.707107 0.000000 0.707107 ]
		Tangent [ -0.494118 0.992157 0.494118 ]
		Color 0
		U0 0.317696
		V0 0.373296
		U1 0.317696
		V1 0.373296
	Vertex
		Position [ 942.588928 -405.443573 -953.896179 ]
		Normal [ 0.707107 0.000000 0.707107 ]
		Tangent [ -0.494118 0.992157 0.494118 ]
		Color 0
		U0 0.330314
		V0 0.373296
		U1 0.330314
		V1 0.373296
	Vertex
		Position [ 281.080780 627.807617 -418.020416 ]
		Normal [ 0.000002 0.969455 0.245269 ]
		Tangent [ -0.403922 0.619608 0.019608 ]
		Color 0
		U0 0.820393
		V0 0.289652
		U1 1.076976
		V1 0.247557
	Vertex
		Position [ 309.556763 631.523193 -432.709229 ]
		Normal [ 0.000002 0.969455 0.245269 ]
		Tangent [ -0.258824 0.439216 0.058824 ]
		Color 0
		U0 0.836306
		V0 0.275446
		U1 1.091182
		V1 0.263471
	Vertex
		Position [ 231.666656 601.795593 -315.204437 ]
		Normal [ 0.000002 0.969455 0.245269 ]
		Tangent [ -0.266667 0.603922 0.066667 ]
		Color 0
		U0 0.836306
		V0 0.348182
		U1 1.018446
		V1 0.263471
	Vertex
		Position [ 226.315002 605.511230 -329.893219 ]
		Normal [ 0.000002 0.969455 0.245269 ]
		Tangent [ -0.403922 0.584314 0.011765 ]
		Color 0
		U0 0.823488
		V0 0.343207
		U1 1.023421
		V1 0.250653
	Vertex
		Position [ -155.454071 138.687927 -381.413208 ]
		Normal [ -0.000000 -1.000000 0.000000 ]
		Tangent [ -0.956863 0.494118 0.686275 ]
		Color 0
		U0 0.504828
		V0 0.486665
		U1 0.974685
		V1 0.286727
	Vertex
		Position [ -119.072281 138.687927 -455.671997 ]
		Normal [ -0.000000 -1.000000 0.000000 ]
		Tangent [ -0.992157 0.494118 0.494118 ]
		Color 0
		U0 0.546247
		V0 0.496812
		U1 0.964537
		V1 0.328146
	Vertex
		Position [ -619.119263 138.687927 -865.429565 ]
		Normal [ -0.000000 -1.000000 0.000000 ]
		Tangent [ -0.976471 0.501961 0.647059 ]
		Color 0
		U0 0.774838
		V0 0.357364
		U1 1.103986
		V1 0.556736
	Vertex
		Position [ -90.585114 121.330719 -885.953613 ]
		Normal [ -0.000000 -0.960071 -0.279756 ]
		Tangent [ -0.992157 0.494118 0.494118 ]
		Color 0
		U0 0.796811
		V0 0.513191
		U1 4.166475
		V1 0.578471
	Vertex
		Position [ -0.000100 197.919403 -1148.792358 ]
		Normal [ -0.000000 -0.960071 -0.279756 ]
		Tangent [ -1.000000 0.494118 0.494118 ]
		Color 0
		U0 0.949519
		V0 0.540482
		U1 4.139184
		V1 0.731178
	Vertex
		Position [ -794.150146 197.919403 -1148.792236 ]
		Normal [ -0.000000 -0.960071 -0.279756 ]
		Tangent [ -1.000000 0.494118 0.494118 ]
		Color 0
		U0 0.949519
		V0 0.318997
		U1 4.360669
		V1 0.731178
	Vertex
		Position [ -633.799683 121.330719 -885.953552 ]
		Normal [ -0.000000 -0.960071 -0.279756 ]
		Tangent [ -0.941176 0.513726 0.721569 ]
		Color 0
		U0 0.796811
		V0 0.363718
		U1 4.315948
		V1 0.578471
	Vertex
		Position [ -418.020416 627.807617 -281.080780 ]
		Normal [ 0.245269 0.969455 -0.000002 ]
		Tangent [ -0.231373 0.431373 0.074510 ]
		Color 0
		U0 0.820393
		V0 0.289654
		U1 0.820393
		V1 0.289654
	Vertex
		Position [ -432.709229 631.523193 -309.556763 ]
		Normal [ 0.245269 0.969455 -0.000002 ]
		Tangent [ -0.192157 0.513726 0.094118 ]
		Color 0
		U0 0.836312
		V0 0.275446
		U1 0.836312
		V1 0.275446
	Vertex
		Position [ -315.204437 601.795593 -231.666656 ]
		Normal [ 0.245269 0.969455 -0.000002 ]
		Tangent [ -0.200000 0.466667 0.094118 ]
		Color 0
		U0 0.836312
		V0 0.348185
		U1 0.836312
		V1 0.348185
	Vertex
		Position [ -329.893219 605.511230 -226.315002 ]
		Normal [ 0.245269 0.969455 -0.000002 ]
		Tangent [ -0.231373 0.431373 0.074510 ]
		Color 0
		U0 0.823493
		V0 0.343210
		U1 0.823493
		V1 0.343210
	Vertex
		Position [ 329.893158 605.511230 -226.315063 ]
		Normal [ -0.245269 0.969455 -0.000002 ]
		Tangent [ -0.584314 0.474510 0.003922 ]
		Color 0
		U0 0.823493
		V0 0.343207
		U1 0.823493
		V1 0.343207
	Vertex
		Position [ 315.204376 601.795593 -231.666718 ]
		Normal [ -0.245269 0.969455 -0.000002 ]
		Tangent [ -0.686275 0.494118 0.031373 ]
		Color 0
		U0 0.836306
		V0 0.348182
		U1 0.836306
		V1 0.348182
	Vertex
		Position [ 432.709167 631.523193 -309.556824 ]
		Normal [ -0.245269 0.969455 -0.000002 ]
		Tangent [ -0.611765 0.486275 0.011765 ]
		Color 0
		U0 0.836312
		V0 0.275446
		U1 0.836312
		V1 0.275446
	Vertex
		Position [ 418.020355 627.807617 -281.080841 ]
		Normal [ -0.245269 0.969455 -0.000002 ]
		Tangent [ -0.564706 0.482353 0.003922 ]
		Color 0
		U0 0.820393
		V0 0.289652
		U1 0.820393
		V1 0.289652
	Vertex
		Position [ -836.150146 224.744247 -1133.143066 ]
		Normal [ -0.172266 -0.969870 -0.172266 ]
		Tangent [ -0.866667 0.501961 0.831373 ]
		Color 0
		U0 0.013625
		V0 0.600341
		U1 -0.564975
		V1 1.003248
	Vertex
		Position [ -1133.143311 224.744247 -836.149902 ]
		Normal [ -0.172266 -0.969870 -0.172266 ]
		Tangent [ -0.831373 0.486275 0.866667 ]
		Color 0
		U0 0.247904
		V0 0.600341
		U1 -0.330696
		V1 1.003248
	Vertex
		Position [ -883.531677 150.727646 -669.043152 ]
		Normal [ -0.172266 -0.969870 -0.172266 ]
		Tangent [ -0.847059 0.494118 0.847059 ]
		Color 0
		U0 0.215363
		V0 0.515608
		U1 -0.363237
		V1 0.918515
	Vertex
		Position [ -669.043274 150.727646 -883.531555 ]
		Normal [ -0.172266 -0.969870 -0.172266 ]
		Tangent [ -0.847059 0.494118 0.847059 ]
		Color 0
		U0 0.046166
		V0 0.515608
		U1 -0.532434
		V1 0.918515
	Vertex
		Position [ -1133.143066 224.744247 836.150146 ]
		Normal [ -0.172266 -0.969870 0.172266 ]
		Tangent [ -0.156863 0.501961 0.866667 ]
		Color 0
		U0 0.013624
		V0 0.600342
		U1 -1.392483
		V1 1.009531
	Vertex
		Position [ -836.149902 224.744247 1133.143311 ]
		Normal [ -0.172266 -0.969870 0.172266 ]
		Tangent [ -0.121569 0.486275 0.831373 ]
		Color 0
		U0 0.247902
		V0 0.600342
		U1 -1.158205
		V1 1.009531
	Vertex
		Position [ -669.043152 150.727646 883.531677 ]
		Normal [ -0.172266 -0.969870 0.172266 ]
		Tangent [ -0.141176 0.494118 0.847059 ]
		Color 0
		U0 0.215362
		V0 0.515608
		U1 -1.190745
		V1 0.924797
	Vertex
		Position [ -883.531555 150.727646 669.043274 ]
		Normal [ -0.172266 -0.969870 0.172266 ]
		Tangent [ -0.141176 0.494118 0.847059 ]
		Color 0
		U0 0.046165
		V0 0.515608
		U1 -1.359942
		V1 0.924797
	Vertex
		Position [ -430.066040 617.783630 -319.547180 ]
		Normal [ -0.283745 0.915957 -0.283745 ]
		Tangent [ -0.141176 0.494118 0.141176 ]
		Color 0
		U0 0.173950
		V0 0.874836
		U1 -0.491022
		V1 0.643801
	Vertex
		Position [ -1149.069702 235.443039 -834.775085 ]
		Normal [ -0.283745 0.915957 -0.283745 ]
		Tangent [ -0.156863 0.486275 0.129412 ]
		Color 0
		U0 0.254720
		V0 0.609131
		U1 -0.571792
		V1 0.909506
	Vertex
		Position [ -834.775330 235.443039 -1149.069458 ]
		Normal [ -0.283745 0.915957 -0.283745 ]
		Tangent [ -0.129412 0.509804 0.156863 ]
		Color 0
		U0 0.006793
		V0 0.609037
		U1 -0.323865
		V1 0.909599
	Vertex
		Position [ -319.547241 617.783630 -430.065979 ]
		Normal [ -0.283745 0.915957 -0.283745 ]
		Tangent [ -0.141176 0.494118 0.141176 ]
		Color 0
		U0 0.086771
		V0 0.874803
		U1 -0.403842
		V1 0.643833
	Vertex
		Position [ 885.953674 121.330719 633.799561 ]
		Normal [ 0.279756 -0.960071 -0.000000 ]
		Tangent [ -0.266667 0.482353 0.047059 ]
		Color 0
		U0 0.796811
		V0 0.717247
		U1 3.674727
		V1 0.559042
	Vertex
		Position [ 1148.792480 197.919403 794.149902 ]
		Normal [ 0.279756 -0.960071 -0.000000 ]
		Tangent [ -0.494118 0.494118 0.000000 ]
		Color 0
		U0 0.949519
		V0 0.761967
		U1 3.630006
		V1 0.711749
	Vertex
		Position [ 1148.792358 197.919403 -0.000100 ]
		Normal [ 0.279756 -0.960071 -0.000000 ]
		Tangent [ -0.494118 0.494118 0.000000 ]
		Color 0
		U0 0.949519
		V0 0.540482
		U1 3.851491
		V1 0.711749
	Vertex
		Position [ 885.953613 121.330719 97.854607 ]
		Normal [ 0.279756 -0.960071 -0.000000 ]
		Tangent [ -0.494118 0.494118 0.000000 ]
		Color 0
		U0 0.796811
		V0 0.567773
		U1 3.824201
		V1 0.559042
	Vertex
		Position [ -319.547180 617.783630 430.066040 ]
		Normal [ -0.283745 0.915957 0.283745 ]
		Tangent [ -0.168627 0.694118 0.168627 ]
		Color 0
		U0 0.173949
		V0 0.874834
		U1 -0.958375
		V1 0.923869
	Vertex
		Position [ -834.775085 235.443039 1149.069702 ]
		Normal [ -0.283745 0.915957 0.283745 ]
		Tangent [ -0.192157 0.701961 0.156863 ]
		Color 0
		U0 0.254720
		V0 0.609130
		U1 -1.224080
		V1 0.843098
	Vertex
		Position [ -1149.069458 235.443039 834.775330 ]
		Normal [ -0.283745 0.915957 0.283745 ]
		Tangent [ -0.156863 0.701961 0.192157 ]
		Color 0
		U0 0.006793
		V0 0.609037
		U1 -1.224172
		V1 1.091025
	Vertex
		Position [ -430.065979 617.783630 319.547241 ]
		Normal [ -0.283745 0.915957 0.283745 ]
		Tangent [ -0.168627 0.694118 0.168627 ]
		Color 0
		U0 0.086769
		V0 0.874802
		U1 -0.958407
		V1 1.011049
	Vertex
		Position [ -633.799561 121.330719 885.953674 ]
		Normal [ 0.000000 -0.960071 0.279756 ]
		Tangent [ -0.047059 0.482353 0.721569 ]
		Color 0
		U0 0.796811
		V0 0.717247
		U1 3.962420
		V1 0.578471
	Vertex
		Position [ -794.149902 197.919403 1148.792480 ]
		Normal [ 0.000000 -0.960071 0.279756 ]
		Tangent [ 0.000000 0.494118 0.494118 ]
		Color 0
		U0 0.949519
		V0 0.761967
		U1 3.917699
		V1 0.731178
	Vertex
		Position [ 0.000100 197.919403 1148.792358 ]
		Normal [ 0.000000 -0.960071 0.279756 ]
		Tangent [ 0.000000 0.494118 0.494118 ]
		Color 0
		U0 0.949519
		V0 0.540482
		U1 4.139184
		V1 0.731178
	Vertex
		Position [ -90.584961 121.330719 885.953613 ]
		Normal [ 0.000000 -0.960071 0.279756 ]
		Tangent [ 0.000000 0.494118 0.494118 ]
		Color 0
		U0 0.796811
		V0 0.567773
		U1 4.111893
		V1 0.578471
	Vertex
		Position [ 315.204376 601.795593 -231.666718 ]
		Normal [ -1.000000 0.000000 0.000000 ]
		Tangent [ -0.686275 0.494118 0.031373 ]
		Color 0
		U0 0.349794
		V0 0.205174
		U1 0.349794
		V1 0.205174
	Vertex
		Position [ 315.204437 601.795593 231.666656 ]
		Normal [ -1.000000 0.000000 0.000000 ]
		Tangent [ -0.274510 0.501961 0.047059 ]
		Color 0
		U0 0.091349
		V0 0.205174
		U1 0.091349
		V1 0.205174
	Vertex
		Position [ 315.204437 566.781616 231.666656 ]
		Normal [ -1.000000 0.000000 0.000000 ]
		Tangent [ -0.301961 0.494118 0.031373 ]
		Color 0
		U0 0.091349
		V0 0.214940
		U1 0.091349
		V1 0.214940
	Vertex
		Position [ 315.204376 566.781616 -231.666718 ]
		Normal [ -1.000000 0.000000 0.000000 ]
		Tangent [ -0.686275 0.501961 0.031373 ]
		Color 0
		U0 0.349794
		V0 0.214940
		U1 0.349794
		V1 0.214940
	Vertex
		Position [ 1133.143066 224.744247 -836.150146 ]
		Normal [ 0.172266 -0.969870 -0.172266 ]
		Tangent [ -0.831373 0.501961 0.129412 ]
		Color 0
		U0 0.013622
		V0 0.600344
		U1 -1.139051
		V1 0.794293
	Vertex
		Position [ 836.149902 224.744247 -1133.143311 ]
		Normal [ 0.172266 -0.969870 -0.172266 ]
		Tangent [ -0.866667 0.486275 0.156863 ]
		Color 0
		U0 0.247902
		V0 0.600344
		U1 -0.904770
		V1 0.794293
	Vertex
		Position [ 669.043152 150.727646 -883.531677 ]
		Normal [ 0.172266 -0.969870 -0.172266 ]
		Tangent [ -0.847059 0.494118 0.141176 ]
		Color 0
		U0 0.215359
		V0 0.515609
		U1 -0.937313
		V1 0.709559
	Vertex
		Position [ 883.531555 150.727646 -669.043274 ]
		Normal [ 0.172266 -0.969870 -0.172266 ]
		Tangent [ -0.847059 0.494118 0.141176 ]
		Color 0
		U0 0.046162
		V0 0.515609
		U1 -1.106511
		V1 0.709559
	Vertex
		Position [ 231.666718 601.795593 315.204376 ]
		Normal [ -0.000000 0.000000 -1.000000 ]
		Tangent [ -0.066667 0.474510 0.239216 ]
		Color 0
		U0 0.349794
		V0 0.205175
		U1 0.349794
		V1 0.205175
	Vertex
		Position [ -231.666656 601.795593 315.204437 ]
		Normal [ -0.000000 0.000000 -1.000000 ]
		Tangent [ -0.031373 0.494118 0.686275 ]
		Color 0
		U0 0.091350
		V0 0.205175
		U1 0.091350
		V1 0.205175
	Vertex
		Position [ -231.666656 566.781616 315.204437 ]
		Normal [ -0.000000 0.000000 -1.000000 ]
		Tangent [ -0.031373 0.494118 0.686275 ]
		Color 0
		U0 0.091350
		V0 0.214940
		U1 0.091350
		V1 0.214940
	Vertex
		Position [ 231.666718 566.781616 315.204376 ]
		Normal [ -0.000000 0.000000 -1.000000 ]
		Tangent [ -0.031373 0.501961 0.301961 ]
		Color 0
		U0 0.349794
		V0 0.214940
		U1 0.349794
		V1 0.214940
	Vertex
		Position [ 430.065979 617.783630 -319.547241 ]
		Normal [ 0.283745 0.915957 -0.283745 ]
		Tangent [ -0.168627 0.294118 0.168627 ]
		Color 0
		U0 0.086768
		V0 0.874804
		U1 -1.316156
		V1 0.685130
	Vertex
		Position [ 319.547180 617.783630 -430.066040 ]
		Normal [ 0.283745 0.915957 -0.283745 ]
		Tangent [ -0.168627 0.294118 0.168627 ]
		Color 0
		U0 0.173948
		V0 0.874836
		U1 -1.316188
		V1 0.772309
	Vertex
		Position [ 834.775085 235.443039 -1149.069702 ]
		Normal [ 0.283745 0.915957 -0.283745 ]
		Tangent [ -0.192157 0.294118 0.156863 ]
		Color 0
		U0 0.254720
		V0 0.609131
		U1 -1.050483
		V1 0.853082
	Vertex
		Position [ 1149.069458 235.443039 -834.775330 ]
		Normal [ 0.283745 0.915957 -0.283745 ]
		Tangent [ -0.176471 0.294118 0.176471 ]
		Color 0
		U0 0.006793
		V0 0.609037
		U1 -1.050389
		V1 0.605154
	Vertex
		Position [ 836.150146 224.744247 1133.143066 ]
		Normal [ 0.172266 -0.969870 0.172266 ]
		Tangent [ -0.129412 0.501961 0.156863 ]
		Color 0
		U0 0.013622
		V0 0.600344
		U1 -0.807915
		V1 0.658678
	Vertex
		Position [ 1133.143311 224.744247 836.149902 ]
		Normal [ 0.172266 -0.969870 0.172266 ]
		Tangent [ -0.156863 0.486275 0.121569 ]
		Color 0
		U0 0.247902
		V0 0.600344
		U1 -0.573634
		V1 0.658678
	Vertex
		Position [ 883.531677 150.727646 669.043152 ]
		Normal [ 0.172266 -0.969870 0.172266 ]
		Tangent [ -0.141176 0.494118 0.141176 ]
		Color 0
		U0 0.215362
		V0 0.515610
		U1 -0.606175
		V1 0.573944
	Vertex
		Position [ 669.043274 150.727646 883.531555 ]
		Normal [ 0.172266 -0.969870 0.172266 ]
		Tangent [ -0.141176 0.494118 0.141176 ]
		Color 0
		U0 0.046165
		V0 0.515610
		U1 -0.775372
		V1 0.573944
	Vertex
		Position [ 319.547241 617.783630 430.065979 ]
		Normal [ 0.283745 0.915957 0.283745 ]
		Tangent [ -0.141176 0.494118 0.141176 ]
		Color 0
		U0 0.086768
		V0 0.874804
		U1 -0.734769
		V1 0.933139
	Vertex
		Position [ 430.066040 617.783630 319.547180 ]
		Normal [ 0.283745 0.915957 0.283745 ]
		Tangent [ -0.141176 0.494118 0.141176 ]
		Color 0
		U0 0.173947
		V0 0.874836
		U1 -0.647590
		V1 0.933171
	Vertex
		Position [ 1149.069702 235.443039 834.775085 ]
		Normal [ 0.283745 0.915957 0.283745 ]
		Tangent [ -0.156863 0.509804 0.129412 ]
		Color 0
		U0 0.254720
		V0 0.609131
		U1 -0.566816
		V1 0.667466
	Vertex
		Position [ 834.775330 235.443039 1149.069458 ]
		Normal [ 0.283745 0.915957 0.283745 ]
		Tangent [ -0.129412 0.486275 0.156863 ]
		Color 0
		U0 0.006793
		V0 0.609037
		U1 -0.814744
		V1 0.667372
	Vertex
		Position [ 633.799561 121.330719 -885.953674 ]
		Normal [ 0.000000 -0.763556 0.645742 ]
		Tangent [ -0.941176 0.482353 0.274510 ]
		Color 0
		U0 0.789831
		V0 0.353271
		U1 1.055611
		V1 0.356395
	Vertex
		Position [ 90.584961 121.330719 -885.953613 ]
		Normal [ 0.000000 -0.763556 0.645742 ]
		Tangent [ -0.992157 0.494118 0.494118 ]
		Color 0
		U0 0.789800
		V0 0.504771
		U1 1.207111
		V1 0.356426
	Vertex
		Position [ 94.591766 138.687927 -865.429626 ]
		Normal [ 0.000000 -0.763556 0.645742 ]
		Tangent [ -0.992157 0.494118 0.494118 ]
		Color 0
		U0 0.774806
		V0 0.503652
		U1 1.205992
		V1 0.371419
	Vertex
		Position [ 619.119141 138.687927 -865.429688 ]
		Normal [ 0.000000 -0.763556 0.645742 ]
		Tangent [ -0.956863 0.431373 0.313726 ]
		Color 0
		U0 0.774837
		V0 0.357364
		U1 1.059704
		V1 0.371388
	Vertex
		Position [ -244.879562 603.979614 316.352417 ]
		Normal [ 0.001056 0.999999 -0.001056 ]
		Tangent [ -0.168627 0.427451 0.121569 ]
		Color 0
		U0 0.158549
		V0 0.924022
		U1 -0.909188
		V1 0.939270
	Vertex
		Position [ -312.863556 604.158813 418.129639 ]
		Normal [ 0.001056 0.999999 -0.001056 ]
		Tangent [ -0.141176 0.494118 0.141176 ]
		Color 0
		U0 0.171878
		V0 0.890543
		U1 -0.942667
		V1 0.925940
	Vertex
		Position [ -418.129578 604.158813 312.863617 ]
		Normal [ 0.001056 0.999999 -0.001056 ]
		Tangent [ -0.141176 0.494118 0.141176 ]
		Color 0
		U0 0.088841
		V0 0.890543
		U1 -0.942667
		V1 1.008977
	Vertex
		Position [ -316.352356 603.979614 244.879623 ]
		Normal [ 0.001056 0.999999 -0.001056 ]
		Tangent [ -0.121569 0.427451 0.168627 ]
		Color 0
		U0 0.102170
		V0 0.924022
		U1 -0.909188
		V1 0.995648
	Vertex
		Position [ 244.879562 603.979614 -316.352417 ]
		Normal [ -0.001056 0.999999 0.001056 ]
		Tangent [ -0.168627 0.564706 0.121569 ]
		Color 0
		U0 0.158549
		V0 0.924022
		U1 -1.365374
		V1 0.756910
	Vertex
		Position [ 312.863556 604.158813 -418.129639 ]
		Normal [ -0.001056 0.999999 0.001056 ]
		Tangent [ -0.141176 0.494118 0.141176 ]
		Color 0
		U0 0.171878
		V0 0.890543
		U1 -1.331895
		V1 0.770239
	Vertex
		Position [ 418.129578 604.158813 -312.863617 ]
		Normal [ -0.001056 0.999999 0.001056 ]
		Tangent [ -0.141176 0.494118 0.141176 ]
		Color 0
		U0 0.088838
		V0 0.890543
		U1 -1.331895
		V1 0.687200
	Vertex
		Position [ 316.352356 603.979614 -244.879623 ]
		Normal [ -0.001056 0.999999 0.001056 ]
		Tangent [ -0.141176 0.549020 0.141176 ]
		Color 0
		U0 0.102167
		V0 0.924022
		U1 -1.365374
		V1 0.700529
	Vertex
		Position [ -316.352417 603.979614 -244.879562 ]
		Normal [ 0.001056 0.999999 0.001056 ]
		Tangent [ -0.164706 0.501961 0.121569 ]
		Color 0
		U0 0.158549
		V0 0.924022
		U1 -0.475620
		V1 0.594615
	Vertex
		Position [ -418.129639 604.158813 -312.863556 ]
		Normal [ 0.001056 0.999999 0.001056 ]
		Tangent [ -0.141176 0.494118 0.141176 ]
		Color 0
		U0 0.171878
		V0 0.890543
		U1 -0.488949
		V1 0.628094
	Vertex
		Position [ -312.863617 604.158813 -418.129578 ]
		Normal [ 0.001056 0.999999 0.001056 ]
		Tangent [ -0.141176 0.494118 0.141176 ]
		Color 0
		U0 0.088838
