TXT
MeshData
	maxDiffuseMipLevel 0
	hasValidTangents TRUE
	BoundingRadius 157.953125
	MaxBoundingExtents [ 75.227470 25.424999 157.067673 ]
	MinBoundingExtents [ -74.886856 -12.928377 -124.949051 ]
	NumMaterials 1
	Material
		DiffuseTextureFileName "Hum-Cerb-cl.dds"
		SelfIlluminationTextureFileName "Hum-Cerb-da.dds"
		NormalTextureFileName "Hum-Cerb-nm.dds"
		DisplacementTextureFileName ""
		TeamColorTextureFileName ""
		Diffuse ffffffff
		Ambient ffffffff
		Specular ffffffff
		Emissive ffffffff
		Glossiness 9.999999
	NumPoints 58
	Point
		DataString "Weapon-2"
		Position [ -36.870174 4.033291 89.900696 ]
		Orientation
			 [ 1.000000 0.000000 0.000000 ]
			 [ 0.000000 0.999999 0.001473 ]
			 [ 0.000000 -0.001473 0.999999 ]
	Point
		DataString "Weapon-2"
		Position [ 37.549648 4.033291 89.900696 ]
		Orientation
			 [ 1.000000 0.000000 0.000000 ]
			 [ 0.000000 0.999999 0.001473 ]
			 [ 0.000000 -0.001473 0.999999 ]
	Point
		DataString "Weapon-2"
		Position [ -36.870193 5.075785 74.198227 ]
		Orientation
			 [ 0.714481 0.000001 0.699655 ]
			 [ -0.001032 0.999999 0.001053 ]
			 [ -0.699655 -0.001473 0.714479 ]
	Point
		DataString "Weapon-2"
		Position [ 37.549648 5.075778 74.198181 ]
		Orientation
			 [ 0.456247 0.000000 -0.889853 ]
			 [ 0.001311 0.999999 0.000672 ]
			 [ 0.889852 -0.001473 0.456247 ]
	Point
		DataString "Weapon-2"
		Position [ -36.870174 9.529619 58.837017 ]
		Orientation
			 [ 1.000000 0.000000 0.000000 ]
			 [ 0.000000 0.999999 0.001473 ]
			 [ 0.000000 -0.001473 0.999999 ]
	Point
		DataString "Weapon-2"
		Position [ 37.549648 9.529615 58.837006 ]
		Orientation
			 [ 1.000000 0.000000 0.000000 ]
			 [ 0.000000 0.999999 0.001473 ]
			 [ 0.000000 -0.001473 0.999999 ]
	Point
		DataString "Weapon-2"
		Position [ 39.512329 20.567259 -103.981308 ]
		Orientation
			 [ -0.833608 0.009352 -0.552277 ]
			 [ -0.011682 0.999335 0.034555 ]
			 [ 0.552233 0.035257 -0.832944 ]
	Point
		DataString "Weapon-2"
		Position [ -38.945389 20.567266 -103.981293 ]
		Orientation
			 [ -0.834054 0.009356 0.551603 ]
			 [ 0.034070 0.998821 0.034573 ]
			 [ -0.550629 0.047629 -0.833390 ]
	Point
		DataString "Weapon-2"
		Position [ 0.471246 20.567266 -103.981293 ]
		Orientation
			 [ -0.999205 0.011210 -0.038258 ]
			 [ 0.009623 0.999095 0.041419 ]
			 [ 0.038688 0.041018 -0.998409 ]
	Point
		DataString "Weapon-2"
		Position [ -28.724581 21.297693 -13.450502 ]
		Orientation
			 [ 0.704970 0.000000 0.709237 ]
			 [ 0.000000 1.000000 0.000000 ]
			 [ -0.709237 0.000000 0.704970 ]
	Point
		DataString "Weapon-2"
		Position [ 29.479355 21.297682 -13.450502 ]
		Orientation
			 [ 0.766571 0.000000 -0.642160 ]
			 [ 0.000001 1.000000 0.000000 ]
			 [ 0.642160 0.000000 0.766571 ]
	Point
		DataString "Weapon-2"
		Position [ -28.724583 21.297701 -26.369919 ]
		Orientation
			 [ 0.704970 0.000000 0.709237 ]
			 [ 0.000000 1.000000 0.000000 ]
			 [ -0.709237 0.000000 0.704970 ]
	Point
		DataString "Weapon-2"
		Position [ 29.479349 21.297695 -26.369915 ]
		Orientation
			 [ 0.766571 0.000000 -0.642160 ]
			 [ 0.000001 1.000000 0.000000 ]
			 [ 0.642160 0.000000 0.766571 ]
	Point
		DataString "Weapon-2"
		Position [ 0.471246 21.297693 0.000002 ]
		Orientation
			 [ 1.000000 0.000000 0.000000 ]
			 [ 0.000000 1.000000 0.000000 ]
			 [ 0.000000 0.000000 1.000000 ]
	Point
		DataString "Weapon-2"
		Position [ 29.479349 21.297693 0.000006 ]
		Orientation
			 [ 0.766571 0.000000 -0.642160 ]
			 [ 0.000001 1.000000 0.000000 ]
			 [ 0.642160 0.000000 0.766571 ]
	Point
		DataString "Weapon-2"
		Position [ -28.724583 21.297703 0.000000 ]
		Orientation
			 [ 0.704970 0.000000 0.709237 ]
			 [ 0.000000 1.000000 0.000000 ]
			 [ -0.709237 0.000000 0.704970 ]
	Point
		DataString "Exhaust"
		Position [ 52.896751 -4.576720 -97.439926 ]
		Orientation
			 [ -0.999205 0.011210 -0.038258 ]
			 [ 0.009623 0.999095 0.041419 ]
			 [ 0.038688 0.041018 -0.998409 ]
	Point
		DataString "Exhaust"
		Position [ 33.618622 -4.576708 -95.520111 ]
		Orientation
			 [ -0.999205 0.011210 -0.038258 ]
			 [ 0.009623 0.999095 0.041419 ]
			 [ 0.038688 0.041018 -0.998409 ]
	Point
		DataString "Exhaust"
		Position [ -34.252354 -4.576708 -95.520096 ]
		Orientation
			 [ -0.999205 0.011210 -0.038258 ]
			 [ 0.009623 0.999095 0.041419 ]
			 [ 0.038688 0.041018 -0.998409 ]
	Point
		DataString "Exhaust"
		Position [ -51.948723 -4.576720 -97.439941 ]
		Orientation
			 [ -0.999205 0.011210 -0.038258 ]
			 [ 0.009623 0.999095 0.041419 ]
			 [ 0.038688 0.041018 -0.998409 ]
	Point
		DataString "Weapon-1"
		Position [ -36.870174 4.033291 89.900696 ]
		Orientation
			 [ 1.000000 0.000000 0.000000 ]
			 [ 0.000000 0.999999 0.001473 ]
			 [ 0.000000 -0.001473 0.999999 ]
	Point
		DataString "Weapon-1"
		Position [ 37.549648 4.033291 89.900696 ]
		Orientation
			 [ 1.000000 0.000000 0.000000 ]
			 [ 0.000000 0.999999 0.001473 ]
			 [ 0.000000 -0.001473 0.999999 ]
	Point
		DataString "Weapon-1"
		Position [ -36.870193 5.075785 74.198227 ]
		Orientation
			 [ 0.714481 0.000001 0.699655 ]
			 [ -0.001032 0.999999 0.001053 ]
			 [ -0.699655 -0.001473 0.714479 ]
	Point
		DataString "Weapon-1"
		Position [ 37.549648 5.075778 74.198181 ]
		Orientation
			 [ 0.456247 0.000000 -0.889853 ]
			 [ 0.001311 0.999999 0.000672 ]
			 [ 0.889852 -0.001473 0.456247 ]
	Point
		DataString "Weapon-1"
		Position [ -36.870174 9.529619 58.837017 ]
		Orientation
			 [ 1.000000 0.000000 0.000000 ]
			 [ 0.000000 0.999999 0.001473 ]
			 [ 0.000000 -0.001473 0.999999 ]
	Point
		DataString "Weapon-1"
		Position [ 37.549648 9.529615 58.837006 ]
		Orientation
			 [ 1.000000 0.000000 0.000000 ]
			 [ 0.000000 0.999999 0.001473 ]
			 [ 0.000000 -0.001473 0.999999 ]
	Point
		DataString "Weapon-1"
		Position [ 39.512329 20.567259 -103.981308 ]
		Orientation
			 [ -0.833608 0.009352 -0.552277 ]
			 [ -0.011682 0.999335 0.034555 ]
			 [ 0.552233 0.035257 -0.832944 ]
	Point
		DataString "Weapon-1"
		Position [ -38.945389 20.567266 -103.981293 ]
		Orientation
			 [ -0.834054 0.009356 0.551603 ]
			 [ 0.034070 0.998821 0.034573 ]
			 [ -0.550629 0.047629 -0.833390 ]
	Point
		DataString "Weapon-1"
		Position [ 0.471246 20.567266 -103.981293 ]
		Orientation
			 [ -0.999205 0.011210 -0.038258 ]
			 [ 0.009623 0.999095 0.041419 ]
			 [ 0.038688 0.041018 -0.998409 ]
	Point
		DataString "Weapon-1"
		Position [ -28.724581 21.297693 -13.450502 ]
		Orientation
			 [ 0.704970 0.000000 0.709237 ]
			 [ 0.000000 1.000000 0.000000 ]
			 [ -0.709237 0.000000 0.704970 ]
	Point
		DataString "Weapon-1"
		Position [ 29.479355 21.297682 -13.450502 ]
		Orientation
			 [ 0.766571 0.000000 -0.642160 ]
			 [ 0.000001 1.000000 0.000000 ]
			 [ 0.642160 0.000000 0.766571 ]
	Point
		DataString "Weapon-1"
		Position [ -28.724583 21.297701 -26.369919 ]
		Orientation
			 [ 0.704970 0.000000 0.709237 ]
			 [ 0.000000 1.000000 0.000000 ]
			 [ -0.709237 0.000000 0.704970 ]
	Point
		DataString "Weapon-1"
		Position [ 29.479349 21.297695 -26.369915 ]
		Orientation
			 [ 0.766571 0.000000 -0.642160 ]
			 [ 0.000001 1.000000 0.000000 ]
			 [ 0.642160 0.000000 0.766571 ]
	Point
		DataString "Weapon-1"
		Position [ -28.724583 21.297703 0.000000 ]
		Orientation
			 [ 0.704970 0.000000 0.709237 ]
			 [ 0.000000 1.000000 0.000000 ]
			 [ -0.709237 0.000000 0.704970 ]
	Point
		DataString "Weapon-1"
		Position [ 29.479349 21.297693 0.000006 ]
		Orientation
			 [ 0.766571 0.000000 -0.642160 ]
			 [ 0.000001 1.000000 0.000000 ]
			 [ 0.642160 0.000000 0.766571 ]
	Point
		DataString "Weapon-1"
		Position [ 0.471246 21.297693 0.000002 ]
		Orientation
			 [ 1.000000 0.000000 0.000000 ]
			 [ 0.000000 1.000000 0.000000 ]
			 [ 0.000000 0.000000 1.000000 ]
	Point
		DataString "Weapon-0"
		Position [ -11.602809 15.855620 54.601105 ]
		Orientation
			 [ 1.000000 0.000000 0.000000 ]
			 [ 0.000000 0.788795 -0.614656 ]
			 [ 0.000000 0.614656 0.788795 ]
	Point
		DataString "Weapon-0"
		Position [ 15.612127 15.855613 54.601074 ]
		Orientation
			 [ 1.000000 0.000000 0.000000 ]
			 [ 0.000000 0.788795 -0.614656 ]
			 [ 0.000000 0.614656 0.788795 ]
	Point
		DataString "Weapon-0"
		Position [ -11.602809 15.855617 43.807060 ]
		Orientation
			 [ 1.000000 0.000000 0.000000 ]
			 [ 0.000000 0.788795 -0.614656 ]
			 [ 0.000000 0.614656 0.788795 ]
	Point
		DataString "Weapon-0"
		Position [ 15.612127 15.855609 43.807041 ]
		Orientation
			 [ 1.000000 0.000000 0.000000 ]
			 [ 0.000000 0.788795 -0.614656 ]
			 [ 0.000000 0.614656 0.788795 ]
	Point
		DataString "Weapon-0"
		Position [ 15.612129 15.855615 32.348381 ]
		Orientation
			 [ 1.000000 0.000000 0.000000 ]
			 [ 0.000000 0.788795 -0.614656 ]
			 [ 0.000000 0.614656 0.788795 ]
	Point
		DataString "Weapon-0"
		Position [ -11.602810 15.855613 32.348370 ]
		Orientation
			 [ 1.000000 0.000000 0.000000 ]
			 [ 0.000000 0.788795 -0.614656 ]
			 [ 0.000000 0.614656 0.788795 ]
	Point
		DataString "Ability-0"
		Position [ -11.241963 11.347577 100.741684 ]
		Orientation
			 [ 1.000000 0.000000 0.000000 ]
			 [ 0.000000 1.000000 0.000000 ]
			 [ 0.000000 0.000000 1.000000 ]
	Point
		DataString "Bomb"
		Position [ -7.219314 -11.463185 0.000000 ]
		Orientation
			 [ 1.000000 0.000000 0.000000 ]
			 [ 0.000000 0.800152 0.599797 ]
			 [ 0.000000 -0.599797 0.800152 ]
	Point
		DataString "Bomb"
		Position [ 8.528408 -11.463186 -0.000010 ]
		Orientation
			 [ 1.000000 0.000000 0.000000 ]
			 [ 0.000000 0.800152 0.599797 ]
			 [ 0.000000 -0.599797 0.800152 ]
	Point
		DataString "Bomb"
		Position [ 0.471246 -11.463186 0.000001 ]
		Orientation
			 [ 1.000000 0.000000 0.000000 ]
			 [ 0.000000 0.800152 0.599797 ]
			 [ 0.000000 -0.599797 0.800152 ]
	Point
		DataString "Hangar"
		Position [ -62.329292 -5.308950 -20.593483 ]
		Orientation
			 [ 1.000000 0.000000 0.000000 ]
			 [ 0.000000 1.000000 0.000000 ]
			 [ 0.000000 0.000000 1.000000 ]
	Point
		DataString "Hangar"
		Position [ 59.717495 -5.308952 -20.593485 ]
		Orientation
			 [ 1.000000 0.000000 0.000000 ]
			 [ 0.000000 1.000000 0.000000 ]
			 [ 0.000000 0.000000 1.000000 ]
	Point
		DataString "Hangar"
		Position [ -62.329292 -5.308950 -20.593483 ]
		Orientation
			 [ 1.000000 0.000000 0.000000 ]
			 [ 0.000000 1.000000 0.000000 ]
			 [ 0.000000 0.000000 1.000000 ]
	Point
		DataString "Hangar"
		Position [ 59.717495 -5.308952 -20.593485 ]
		Orientation
			 [ 1.000000 0.000000 0.000000 ]
			 [ 0.000000 1.000000 0.000000 ]
			 [ 0.000000 0.000000 1.000000 ]
	Point
		DataString "Ability-1"
		Position [ 15.975100 0.525381 147.724380 ]
		Orientation
			 [ 1.000000 0.000000 0.000000 ]
			 [ 0.000000 1.000000 0.000000 ]
			 [ 0.000000 0.000000 1.000000 ]
	Point
		DataString "Ability-0"
		Position [ 13.351819 11.347585 100.741684 ]
		Orientation
			 [ 1.000000 0.000000 0.000000 ]
			 [ 0.000000 1.000000 0.000000 ]
			 [ 0.000000 0.000000 1.000000 ]
	Point
		DataString "Aura"
		Position [ 0.471246 -23.813448 -0.000010 ]
		Orientation
			 [ 1.000000 0.000000 0.000000 ]
			 [ 0.000000 1.000000 0.000000 ]
			 [ 0.000000 0.000000 1.000000 ]
	Point
		DataString "Above"
		Position [ 0.471246 32.485275 0.000000 ]
		Orientation
			 [ 1.000000 0.000000 0.000000 ]
			 [ 0.000000 1.000000 0.000000 ]
			 [ 0.000000 0.000000 1.000000 ]
	Point
		DataString "Center"
		Position [ 0.471246 0.937298 0.000001 ]
		Orientation
			 [ 1.000000 0.000000 0.000000 ]
			 [ 0.000000 1.000000 0.000000 ]
			 [ 0.000000 0.000000 1.000000 ]
	Point
		DataString "Ability-4"
		Position [ 0.471246 -11.463186 0.000001 ]
		Orientation
			 [ 1.000000 0.000000 0.000000 ]
			 [ 0.000000 0.800152 0.599797 ]
			 [ 0.000000 -0.599797 0.800152 ]
	Point
		DataString "Ability-4"
		Position [ 8.528408 -11.463186 -0.000010 ]
		Orientation
			 [ 1.000000 0.000000 0.000000 ]
			 [ 0.000000 0.800152 0.599797 ]
			 [ 0.000000 -0.599797 0.800152 ]
	Point
		DataString "Ability-4"
		Position [ -7.219314 -11.463185 0.000000 ]
		Orientation
			 [ 1.000000 0.000000 0.000000 ]
			 [ 0.000000 0.800152 0.599797 ]
			 [ 0.000000 -0.599797 0.800152 ]
	NumVertices 6097
	Vertex
		Position [ 72.415794 -12.624575 -37.946564 ]
		Normal [ 0.751796 -0.659381 0.004403 ]
		Tangent [ -0.000000 -0.006678 -0.999978 ]
		Color 0
		U0 0.400668
		V0 0.076667
		U1 0.000000
		V1 0.000000
	Vertex
		Position [ 72.415787 -12.917158 -81.755997 ]
		Normal [ 0.751793 -0.659384 0.004398 ]
		Tangent [ -0.000000 -0.006678 -0.999978 ]
		Color 0
		U0 0.434354
		V0 0.076667
		U1 0.000000
		V1 0.000000
	Vertex
		Position [ 74.748901 -9.964595 -37.964329 ]
		Normal [ 0.751796 -0.659381 0.004404 ]
		Tangent [ -0.000000 -0.006678 -0.999978 ]
		Color 0
		U0 0.400668
		V0 0.078713
		U1 0.000000
		V1 0.000000
	Vertex
		Position [ 74.748886 -10.257177 -81.773758 ]
		Normal [ 0.906061 -0.423137 0.002720 ]
		Tangent [ -0.000000 -0.006678 -0.999978 ]
		Color 0
		U0 0.434354
		V0 0.078713
		U1 0.000000
		V1 0.000000
	Vertex
		Position [ 74.800751 1.166328 -38.038670 ]
		Normal [ 0.236090 0.971710 -0.006490 ]
		Tangent [ -0.000000 -0.006678 -0.999978 ]
		Color 0
		U0 0.395395
		V0 0.090599
		U1 0.000000
		V1 0.000000
	Vertex
		Position [ 74.800743 0.873744 -81.848099 ]
		Normal [ 0.236090 0.971709 -0.006616 ]
		Tangent [ -0.000000 -0.006678 -0.999978 ]
		Color 0
		U0 0.429081
		V0 0.090599
		U1 0.000000
		V1 0.000000
	Vertex
		Position [ 60.076298 4.743667 -38.062561 ]
		Normal [ 0.158391 0.987354 -0.006594 ]
		Tangent [ -0.000000 -0.006678 -0.999978 ]
		Color 0
		U0 0.395395
		V0 0.101921
		U1 0.000000
		V1 0.000000
	Vertex
		Position [ 60.076290 4.451082 -81.871994 ]
		Normal [ 0.079196 0.996836 -0.006769 ]
		Tangent [ -0.000000 -0.006678 -0.999978 ]
		Color 0
		U0 0.429081
		V0 0.101921
		U1 0.000000
		V1 0.000000
	Vertex
		Position [ 45.818466 4.743668 -38.062561 ]
		Normal [ 0.000000 0.999978 -0.006678 ]
		Tangent [ -0.000000 -0.006678 -0.999978 ]
		Color 0
		U0 0.395395
		V0 0.112884
		U1 0.000000
		V1 0.000000
	Vertex
		Position [ 45.818462 4.451083 -81.871994 ]
		Normal [ 0.000000 0.999977 -0.006781 ]
		Tangent [ -0.000000 -0.006678 -0.999978 ]
		Color 0
		U0 0.429081
		V0 0.112884
		U1 0.000000
		V1 0.000000
	Vertex
		Position [ 45.818466 4.743668 -38.062561 ]
		Normal [ -0.789853 0.613283 -0.004095 ]
		Tangent [ -0.000000 -0.006678 -0.999978 ]
		Color 0
		U0 0.398828
		V0 0.064891
		U1 0.000000
		V1 0.000000
	Vertex
		Position [ 45.818462 4.451083 -81.871994 ]
		Normal [ -0.789852 0.613283 -0.004069 ]
		Tangent [ -0.000000 -0.006678 -0.999978 ]
		Color 0
		U0 0.432514
		V0 0.064891
		U1 0.000000
		V1 0.000000
	Vertex
		Position [ 42.396595 0.336802 -38.033127 ]
		Normal [ -0.903110 0.429400 -0.002868 ]
		Tangent [ -0.000000 -0.006678 -0.999978 ]
		Color 0
		U0 0.398828
		V0 0.068279
		U1 0.000000
		V1 0.000000
	Vertex
		Position [ 42.396584 0.044218 -81.842560 ]
		Normal [ -0.976679 0.214701 -0.001345 ]
		Tangent [ -0.000000 -0.006678 -0.999978 ]
		Color 0
		U0 0.432514
		V0 0.068279
		U1 0.000000
		V1 0.000000
	Vertex
		Position [ 42.396591 -6.240465 -37.972034 ]
		Normal [ -1.000000 0.000000 0.000000 ]
		Tangent [ -0.000000 -0.006678 -0.999978 ]
		Color 0
		U0 0.398815
		V0 0.073337
		U1 0.000000
		V1 0.000000
	Vertex
		Position [ 42.396584 -6.533050 -81.781464 ]
		Normal [ -1.000000 0.000001 0.000114 ]
		Tangent [ -0.000000 -0.006678 -0.999978 ]
		Color 0
		U0 0.432501
		V0 0.073337
		U1 0.000000
		V1 0.000000
	Vertex
		Position [ 72.415802 -12.528735 -23.596394 ]
		Normal [ 0.751796 -0.659381 0.004404 ]
		Tangent [ -0.000001 -0.006678 -0.999978 ]
		Color 0
		U0 0.389634
		V0 0.076667
		U1 0.000000
		V1 0.000000
	Vertex
		Position [ 74.748901 -9.868754 -23.614155 ]
		Normal [ 0.751797 -0.659380 0.004404 ]
		Tangent [ 0.000000 -0.006679 -0.999978 ]
		Color 0
		U0 0.389634
		V0 0.078713
		U1 0.000000
		V1 0.000000
	Vertex
		Position [ 74.800751 1.216361 -30.547260 ]
		Normal [ 0.236090 0.971710 -0.006490 ]
		Tangent [ 0.000000 -0.006679 -0.999978 ]
		Color 0
		U0 0.389634
		V0 0.090599
		U1 0.000000
		V1 0.000000
	Vertex
		Position [ 60.076298 4.766654 -34.620621 ]
		Normal [ 0.079196 0.996837 -0.006657 ]
		Tangent [ 0.000000 -0.006678 -0.999978 ]
		Color 0
		U0 0.392748
		V0 0.101921
		U1 0.000000
		V1 0.000000
	Vertex
		Position [ 45.818470 4.766655 -34.620621 ]
		Normal [ 0.000000 0.999978 -0.006678 ]
		Tangent [ -0.000001 -0.006678 -0.999978 ]
		Color 0
		U0 0.392748
		V0 0.112884
		U1 0.000000
		V1 0.000000
	Vertex
		Position [ 45.818470 4.766655 -34.620621 ]
		Normal [ -0.789853 0.613283 -0.004095 ]
		Tangent [ -0.000001 -0.006678 -0.999978 ]
		Color 0
		U0 0.396182
		V0 0.064891
		U1 0.000000
		V1 0.000000
	Vertex
		Position [ 42.396595 0.389309 -30.171127 ]
		Normal [ -0.976679 0.214700 -0.001434 ]
		Tangent [ 0.000000 -0.006678 -0.999978 ]
		Color 0
		U0 0.392783
		V0 0.068279
		U1 0.000000
		V1 0.000000
	Vertex
		Position [ 42.396595 -6.160727 -26.032513 ]
		Normal [ -1.000000 0.000000 0.000000 ]
		Tangent [ -0.000000 -0.006678 -0.999978 ]
		Color 0
		U0 0.389634
		V0 0.073337
		U1 0.000000
		V1 0.000000
	Vertex
		Position [ 74.800751 1.216361 -30.547260 ]
		Normal [ -0.081012 0.522610 0.848715 ]
		Tangent [ -0.990973 -0.001093 -0.134060 ]
		Color 0
		U0 0.389634
		V0 0.050959
		U1 0.000000
		V1 0.000000
	Vertex
		Position [ 60.076298 4.766654 -34.620621 ]
		Normal [ -0.126298 0.228234 0.965380 ]
		Tangent [ -0.990973 -0.001093 -0.134060 ]
		Color 0
		U0 0.400956
		V0 0.048208
		U1 0.000000
		V1 0.000000
	Vertex
		Position [ 73.855415 0.963789 -30.528355 ]
		Normal [ -0.168415 0.393390 0.903815 ]
		Tangent [ -0.990973 -0.001093 -0.134060 ]
		Color 0
		U0 0.390361
		V0 0.051153
		U1 0.000000
		V1 0.000000
	Vertex
		Position [ 59.938820 4.317811 -34.600410 ]
		Normal [ -0.084649 0.070680 0.993901 ]
		Tangent [ -0.967293 -0.001129 -0.253660 ]
		Color 0
		U0 0.401062
		V0 0.048554
		U1 0.000000
		V1 0.000000
	Vertex
		Position [ 74.748901 -9.868754 -23.614155 ]
		Normal [ -0.000019 0.187521 0.982261 ]
		Tangent [ -1.000000 0.000015 -0.000024 ]
		Color 0
		U0 0.389674
		V0 0.059518
		U1 0.000000
		V1 0.000000
	Vertex
		Position [ 73.806404 -9.868740 -23.614178 ]
		Normal [ -0.043573 0.370325 0.927880 ]
		Tangent [ -1.000000 0.000015 -0.000024 ]
		Color 0
		U0 0.390399
		V0 0.059518
		U1 0.000000
		V1 0.000000
	Vertex
		Position [ 72.415802 -12.528735 -23.596394 ]
		Normal [ -0.000006 0.006715 0.999977 ]
		Tangent [ -1.000000 0.000448 -0.000022 ]
		Color 0
		U0 0.391468
		V0 0.061563
		U1 0.000000
		V1 0.000000
	Vertex
		Position [ 71.601311 -12.024784 -23.599783 ]
		Normal [ -0.000014 0.006707 0.999978 ]
		Tangent [ -1.000000 0.000448 -0.000022 ]
		Color 0
		U0 0.392094
		V0 0.061176
		U1 0.000000
		V1 0.000000
	Vertex
		Position [ 54.063034 -12.528734 -23.596390 ]
		Normal [ -0.059977 0.148335 0.987117 ]
		Tangent [ -1.000000 0.000000 0.000000 ]
		Color 0
		U0 0.405580
		V0 0.061563
		U1 0.000000
		V1 0.000000
	Vertex
		Position [ 54.255474 -12.024782 -23.599779 ]
		Normal [ -0.059257 0.029339 0.997812 ]
		Tangent [ -1.000000 0.000000 0.000000 ]
		Color 0
		U0 0.405432
		V0 0.061176
		U1 0.000000
		V1 0.000000
	Vertex
		Position [ 45.818470 4.766655 -34.620621 ]
		Normal [ 0.119130 0.214782 0.969369 ]
		Tangent [ -1.000000 0.000000 0.000000 ]
		Color 0
		U0 0.411919
		V0 0.048208
		U1 0.000000
		V1 0.000000
	Vertex
		Position [ 46.463249 4.317812 -34.600410 ]
		Normal [ 0.172934 0.435943 0.883203 ]
		Tangent [ -1.000000 0.000000 0.000000 ]
		Color 0
		U0 0.411423
		V0 0.048554
		U1 0.000000
		V1 0.000000
	Vertex
		Position [ 42.396595 -6.160727 -26.032513 ]
		Normal [ 0.037918 0.480460 0.876197 ]
		Tangent [ -1.000000 -0.000096 -0.000055 ]
		Color 0
		U0 0.414550
		V0 0.056654
		U1 0.000000
		V1 0.000000
	Vertex
		Position [ 43.229115 -6.160647 -26.032467 ]
		Normal [ -0.060547 0.333450 0.940821 ]
		Tangent [ -1.000000 -0.000096 -0.000055 ]
		Color 0
		U0 0.413910
		V0 0.056654
		U1 0.000000
		V1 0.000000
	Vertex
		Position [ 42.396595 0.389309 -30.171127 ]
		Normal [ 0.203098 0.579288 0.789416 ]
		Tangent [ -0.916450 0.001781 0.400146 ]
		Color 0
		U0 0.414550
		V0 0.051597
		U1 0.000000
		V1 0.000000
	Vertex
		Position [ 43.229115 0.182249 -30.152542 ]
		Normal [ 0.088087 0.584046 0.806927 ]
		Tangent [ -0.979874 0.001649 0.199611 ]
		Color 0
		U0 0.413910
		V0 0.051756
		U1 0.000000
		V1 0.000000
	Vertex
		Position [ 73.855415 0.963789 -30.528355 ]
		Normal [ -0.236090 -0.971710 0.006490 ]
		Tangent [ -0.971731 0.236084 -0.001574 ]
		Color 0
		U0 0.449075
		V0 0.064726
		U1 0.000000
		V1 0.000000
	Vertex
		Position [ 59.938820 4.317811 -34.600410 ]
		Normal [ -0.158391 -0.987354 0.006594 ]
		Tangent [ -0.971731 0.236084 -0.001574 ]
		Color 0
		U0 0.459775
		V0 0.067840
		U1 0.000000
		V1 0.000000
	Vertex
		Position [ 73.855408 0.888976 -41.730255 ]
		Normal [ -0.236090 -0.971710 0.006490 ]
		Tangent [ -0.971731 0.236084 -0.001574 ]
		Color 0
		U0 0.449075
		V0 0.073340
		U1 0.000000
		V1 0.000000
	Vertex
		Position [ 59.938820 4.270043 -41.752838 ]
		Normal [ -0.079196 -0.996837 0.006657 ]
		Tangent [ -0.971731 0.236084 -0.001577 ]
		Color 0
		U0 0.459775
		V0 0.073340
		U1 0.000000
		V1 0.000000
	Vertex
		Position [ 73.806404 -9.868740 -23.614178 ]
		Normal [ -0.999990 0.004505 -0.000030 ]
		Tangent [ 0.000000 -0.006678 -0.999978 ]
		Color 0
		U0 0.472632
		V0 0.073340
		U1 0.000000
		V1 0.000000
	Vertex
		Position [ 73.855415 0.963789 -30.528355 ]
		Normal [ -0.999990 0.004505 -0.000030 ]
		Tangent [ 0.000000 -0.006678 -0.999978 ]
		Color 0
		U0 0.477893
		V0 0.064975
		U1 0.000000
		V1 0.000000
	Vertex
		Position [ 73.806404 -9.989244 -41.657604 ]
		Normal [ -0.999990 0.004505 -0.000030 ]
		Tangent [ 0.000000 -0.006678 -0.999978 ]
		Color 0
		U0 0.486506
		V0 0.073340
		U1 0.000000
		V1 0.000000
	Vertex
		Position [ 73.855408 0.888976 -41.730255 ]
		Normal [ -0.999990 0.004505 -0.000029 ]
		Tangent [ -0.000001 -0.006678 -0.999978 ]
		Color 0
		U0 0.486506
		V0 0.064975
		U1 0.000000
		V1 0.000000
	Vertex
		Position [ 71.601311 -12.024784 -23.599783 ]
		Normal [ -0.249367 0.968388 -0.006467 ]
		Tangent [ 0.715007 0.699102 -0.004668 ]
		Color 0
		U0 0.411450
		V0 0.031839
		U1 0.000000
		V1 0.000000
	Vertex
		Position [ 73.806404 -9.868740 -23.614178 ]
		Normal [ -0.699118 0.714991 -0.004775 ]
		Tangent [ 0.715007 0.699102 -0.004668 ]
		Color 0
		U0 0.413145
		V0 0.031839
		U1 0.000000
		V1 0.000000
	Vertex
		Position [ 71.601311 -12.145288 -41.643204 ]
		Normal [ -0.498733 0.866736 -0.005789 ]
		Tangent [ 0.715007 0.699102 -0.004668 ]
		Color 0
		U0 0.411450
		V0 0.045713
		U1 0.000000
		V1 0.000000
	Vertex
		Position [ 73.806404 -9.989244 -41.657604 ]
		Normal [ -0.699118 0.714991 -0.004775 ]
		Tangent [ 0.715007 0.699102 -0.004669 ]
		Color 0
		U0 0.413145
		V0 0.045713
		U1 0.000000
		V1 0.000000
	Vertex
		Position [ 54.255474 -12.024782 -23.599779 ]
		Normal [ 0.322242 0.946636 -0.006322 ]
		Tangent [ 1.000000 -0.000000 -0.000000 ]
		Color 0
		U0 0.398113
		V0 0.031839
		U1 0.000000
		V1 0.000000
	Vertex
		Position [ 54.255470 -12.145288 -41.643200 ]
		Normal [ 0.161121 0.986913 -0.006591 ]
		Tangent [ 1.000000 -0.000000 -0.000000 ]
		Color 0
		U0 0.398113
		V0 0.045713
		U1 0.000000
		V1 0.000000
	Vertex
		Position [ 46.463249 4.317812 -34.600410 ]
		Normal [ -0.000000 -0.999978 0.006678 ]
		Tangent [ -1.000000 0.000000 0.000000 ]
		Color 0
		U0 0.470136
		V0 0.067840
		U1 0.000000
		V1 0.000000
	Vertex
		Position [ 46.463245 4.270044 -41.752838 ]
		Normal [ -0.000000 -0.999978 0.006678 ]
		Tangent [ -1.000000 0.000000 0.000000 ]
		Color 0
		U0 0.470136
		V0 0.073340
		U1 0.000000
		V1 0.000000
	Vertex
		Position [ 43.229115 -6.160647 -26.032467 ]
		Normal [ 0.470559 0.882349 -0.005893 ]
		Tangent [ 0.882369 -0.470548 0.003185 ]
		Color 0
		U0 0.389634
		V0 0.033679
		U1 0.000000
		V1 0.000000
	Vertex
		Position [ 43.229111 -6.265167 -41.682476 ]
		Normal [ 0.470559 0.882349 -0.005893 ]
		Tangent [ 0.882369 -0.470548 0.003185 ]
		Color 0
		U0 0.389634
		V0 0.045713
		U1 0.000000
		V1 0.000000
	Vertex
		Position [ 46.463249 4.317812 -34.600410 ]
		Normal [ 0.789852 -0.613283 0.004095 ]
		Tangent [ -0.000001 -0.006678 -0.999978 ]
		Color 0
		U0 0.447944
		V0 0.022518
		U1 0.000000
		V1 0.000000
	Vertex
		Position [ 43.229115 0.182249 -30.152542 ]
		Normal [ 0.903110 -0.429400 0.002867 ]
		Tangent [ -0.000001 -0.006678 -0.999978 ]
		Color 0
		U0 0.444546
		V0 0.019315
		U1 0.000000
		V1 0.000000
	Vertex
		Position [ 46.463245 4.270044 -41.752838 ]
		Normal [ 0.789852 -0.613283 0.004096 ]
		Tangent [ -0.000001 -0.006678 -0.999978 ]
		Color 0
		U0 0.453444
		V0 0.022518
		U1 0.000000
		V1 0.000000
	Vertex
		Position [ 43.229111 0.104961 -41.725021 ]
		Normal [ 0.976679 -0.214700 0.001434 ]
		Tangent [ -0.000000 -0.006678 -0.999978 ]
		Color 0
		U0 0.453444
		V0 0.019315
		U1 0.000000
		V1 0.000000
	Vertex
		Position [ 43.229115 -6.160647 -26.032467 ]
		Normal [ 1.000000 -0.000000 -0.000000 ]
		Tangent [ -0.000000 -0.006678 -0.999978 ]
		Color 0
		U0 0.441410
		V0 0.014417
		U1 0.000000
		V1 0.000000
	Vertex
		Position [ 43.229111 -6.265167 -41.682476 ]
		Normal [ 1.000000 -0.000000 -0.000000 ]
		Tangent [ -0.000000 -0.006678 -0.999978 ]
		Color 0
		U0 0.453444
		V0 0.014417
		U1 0.000000
		V1 0.000000
	Vertex
		Position [ 74.744965 -10.375643 -98.983444 ]
		Normal [ 0.884103 -0.467283 0.003011 ]
		Tangent [ -0.000227 -0.006658 -0.999978 ]
		Color 0
		U0 0.447587
		V0 0.078710
		U1 0.000000
		V1 0.000000
	Vertex
		Position [ 74.796814 0.755279 -99.057785 ]
		Normal [ 0.999989 -0.004660 -0.000196 ]
		Tangent [ -0.000227 -0.006658 -0.999978 ]
		Color 0
		U0 0.447587
		V0 0.087269
		U1 0.000000
		V1 0.000000
	Vertex
		Position [ 74.800743 0.873744 -81.848099 ]
		Normal [ 0.999989 -0.004660 -0.000196 ]
		Tangent [ -0.000228 -0.006735 -0.999977 ]
		Color 0
		U0 0.434354
		V0 0.087271
		U1 0.000000
		V1 0.000000
	Vertex
		Position [ 74.796814 0.755279 -99.057785 ]
		Normal [ 0.236090 0.971708 -0.006743 ]
		Tangent [ -0.000003 -0.006938 -0.999976 ]
		Color 0
		U0 0.442313
		V0 0.090602
		U1 0.000000
		V1 0.000000
	Vertex
		Position [ 60.072369 4.332617 -99.081665 ]
		Normal [ 0.158391 0.987353 -0.006833 ]
		Tangent [ -0.000003 -0.006938 -0.999976 ]
		Color 0
		U0 0.442313
		V0 0.101924
		U1 0.000000
		V1 0.000000
	Vertex
		Position [ 45.814537 4.332618 -99.081665 ]
		Normal [ 0.000000 0.999976 -0.006883 ]
		Tangent [ -0.000003 -0.006883 -0.999976 ]
		Color 0
		U0 0.442313
		V0 0.112887
		U1 0.000000
		V1 0.000000
	Vertex
		Position [ 45.814537 4.332618 -99.081665 ]
		Normal [ -0.789852 0.613284 -0.004041 ]
		Tangent [ -0.000109 -0.006730 -0.999977 ]
		Color 0
		U0 0.445747
		V0 0.064893
		U1 0.000000
		V1 0.000000
	Vertex
		Position [ 42.392662 -0.074247 -99.052246 ]
		Normal [ -0.903110 0.429401 -0.002750 ]
		Tangent [ -0.000109 -0.006730 -0.999977 ]
		Color 0
		U0 0.445747
		V0 0.068282
		U1 0.000000
		V1 0.000000
	Vertex
		Position [ 42.392662 -6.651515 -98.991150 ]
		Normal [ -1.000000 0.000002 0.000228 ]
		Tangent [ -0.000228 -0.006658 -0.999978 ]
		Color 0
		U0 0.445734
		V0 0.073340
		U1 0.000000
		V1 0.000000
	Vertex
		Position [ 74.177887 -11.022172 -98.979126 ]
		Normal [ 0.000300 -0.006942 -0.999976 ]
		Tangent [ 0.993198 -0.116432 0.001107 ]
		Color 0
		U0 0.476163
		V0 0.086797
		U1 0.000000
		V1 0.000000
	Vertex
		Position [ 74.174271 -10.132204 -98.985306 ]
		Normal [ 0.000312 -0.006915 -0.999976 ]
		Tangent [ 0.993198 -0.116432 0.001107 ]
		Color 0
		U0 0.476082
		V0 0.086117
		U1 0.000000
		V1 0.000000
	Vertex
		Position [ 74.744965 -10.375643 -98.983444 ]
		Normal [ 0.001640 -0.006843 -0.999975 ]
		Tangent [ 0.993198 -0.116432 0.001107 ]
		Color 0
		U0 0.476539
		V0 0.086252
		U1 0.000000
		V1 0.000000
	Vertex
		Position [ 74.224190 0.583989 -99.059097 ]
		Normal [ 0.001581 -0.004799 -0.999987 ]
		Tangent [ 0.993228 -0.116176 0.001122 ]
		Color 0
		U0 0.475168
		V0 0.077928
		U1 0.000000
		V1 0.000000
	Vertex
		Position [ 74.796814 0.755279 -99.057785 ]
		Normal [ 0.003109 -0.002731 -0.999991 ]
		Tangent [ 0.993202 -0.116294 0.005045 ]
		Color 0
		U0 0.475590
		V0 0.077746
		U1 0.000000
		V1 0.000000
	Vertex
		Position [ 60.072369 4.332617 -99.081665 ]
		Normal [ 0.000568 -0.004158 -0.999991 ]
		Tangent [ 0.993280 -0.115726 0.001766 ]
		Color 0
		U0 0.464026
		V0 0.076322
		U1 0.000000
		V1 0.000000
	Vertex
		Position [ 60.048344 4.028059 -99.079575 ]
		Normal [ -0.000149 -0.010408 -0.999946 ]
		Tangent [ 0.993289 -0.115657 0.000574 ]
		Color 0
		U0 0.464035
		V0 0.076557
		U1 0.000000
		V1 0.000000
	Vertex
		Position [ 45.814537 4.332618 -99.081665 ]
		Normal [ 0.001352 -0.011459 -0.999933 ]
		Tangent [ 0.993312 -0.115460 0.000793 ]
		Color 0
		U0 0.453137
		V0 0.077589
		U1 0.000000
		V1 0.000000
	Vertex
		Position [ 46.321732 4.028080 -99.076447 ]
		Normal [ 0.003493 -0.013188 -0.999907 ]
		Tangent [ 0.993277 -0.115752 0.001801 ]
		Color 0
		U0 0.453551
		V0 0.077776
		U1 0.000000
		V1 0.000000
	Vertex
		Position [ 42.392662 -0.074247 -99.052246 ]
		Normal [ 0.005913 -0.010446 -0.999928 ]
		Tangent [ 0.993176 -0.116495 0.005419 ]
		Color 0
		U0 0.450915
		V0 0.081259
		U1 0.000000
		V1 0.000000
	Vertex
		Position [ 43.027351 -0.214583 -99.046478 ]
		Normal [ -0.001302 -0.009407 -0.999955 ]
		Tangent [ 0.993099 -0.117021 0.007789 ]
		Color 0
		U0 0.451412
		V0 0.081309
		U1 0.000000
		V1 0.000000
	Vertex
		Position [ 42.392662 -6.651515 -98.991150 ]
		Normal [ -0.006263 -0.011874 -0.999910 ]
		Tangent [ 0.993085 -0.117122 0.008073 ]
		Color 0
		U0 0.451499
		V0 0.086282
		U1 0.000000
		V1 0.000000
	Vertex
		Position [ 45.622524 -7.643673 -98.995926 ]
		Normal [ -0.005081 -0.015624 -0.999865 ]
		Tangent [ 0.993306 -0.115466 -0.003244 ]
		Color 0
		U0 0.454054
		V0 0.086753
		U1 0.000000
		V1 0.000000
	Vertex
		Position [ 45.398342 -8.296282 -98.984589 ]
		Normal [ -0.006771 -0.017537 -0.999823 ]
		Tangent [ 0.993306 -0.115466 -0.003244 ]
		Color 0
		U0 0.453941
		V0 0.087271
		U1 0.000000
		V1 0.000000
	Vertex
		Position [ 43.027348 -6.202086 -99.005264 ]
		Normal [ -0.010301 -0.013986 -0.999849 ]
		Tangent [ 0.993306 -0.115466 -0.003244 ]
		Color 0
		U0 0.451944
		V0 0.085883
		U1 0.000000
		V1 0.000000
	Vertex
		Position [ 72.415611 -12.928267 -83.395508 ]
		Normal [ 0.751784 -0.659395 0.004387 ]
		Tangent [ -0.000107 -0.006775 -0.999977 ]
		Color 0
		U0 0.435615
		V0 0.076667
		U1 0.000000
		V1 0.000000
	Vertex
		Position [ 74.179474 -10.936317 -86.258972 ]
		Normal [ 0.751820 -0.659353 0.004377 ]
		Tangent [ -0.000107 -0.006775 -0.999977 ]
		Color 0
		U0 0.437806
		V0 0.078213
		U1 0.000000
		V1 0.000000
	Vertex
		Position [ 74.177887 -11.022172 -98.979126 ]
		Normal [ 0.751797 -0.659380 0.004357 ]
		Tangent [ -0.000125 -0.006749 -0.999977 ]
		Color 0
		U0 0.447587
		V0 0.078213
		U1 0.000000
		V1 0.000000
	Vertex
		Position [ 74.177826 -9.989969 -78.167419 ]
		Normal [ -0.000001 -0.006679 -0.999978 ]
		Tangent [ -1.000000 0.000250 -0.000000 ]
		Color 0
		U0 0.417084
		V0 0.050675
		U1 0.000000
		V1 0.000000
	Vertex
		Position [ 72.424782 -12.383694 -78.151428 ]
		Normal [ -0.000000 -0.006679 -0.999978 ]
		Tangent [ -1.000000 0.000250 -0.000000 ]
		Color 0
		U0 0.418432
		V0 0.048834
		U1 0.000000
		V1 0.000000
	Vertex
		Position [ 74.227745 0.726237 -78.238998 ]
		Normal [ -0.000120 -0.006937 -0.999976 ]
		Tangent [ -1.000000 0.000250 -0.000000 ]
		Color 0
		U0 0.417046
		V0 0.058915
		U1 0.000000
		V1 0.000000
	Vertex
		Position [ 54.262676 -12.387001 -78.151413 ]
		Normal [ -0.000396 -0.006077 -0.999981 ]
		Tangent [ -1.000000 -0.000037 -0.000000 ]
		Color 0
		U0 0.432397
		V0 0.048832
		U1 0.000000
		V1 0.000000
	Vertex
		Position [ 43.030907 -6.059783 -78.177155 ]
		Normal [ -0.000361 -0.007455 -0.999972 ]
		Tangent [ -1.000000 0.000008 0.000792 ]
		Color 0
		U0 0.441033
		V0 0.053697
		U1 0.000000
		V1 0.000000
	Vertex
		Position [ 43.030907 -0.072383 -78.233658 ]
		Normal [ 0.000035 -0.008058 -0.999968 ]
		Tangent [ -1.000000 -0.000002 -0.000070 ]
		Color 0
		U0 0.441033
		V0 0.058301
		U1 0.000000
		V1 0.000000
	Vertex
		Position [ 46.325291 4.170290 -78.261993 ]
		Normal [ -0.000000 -0.006677 -0.999978 ]
		Tangent [ -1.000000 0.000001 0.000000 ]
		Color 0
		U0 0.438500
		V0 0.061563
		U1 0.000000
		V1 0.000000
	Vertex
		Position [ 60.051903 4.170290 -78.261993 ]
		Normal [ 0.000000 -0.006677 -0.999978 ]
		Tangent [ -1.000000 0.000000 0.000000 ]
		Color 0
		U0 0.427946
		V0 0.061563
		U1 0.000000
		V1 0.000000
	Vertex
		Position [ 74.183617 0.347826 -83.484024 ]
		Normal [ -0.236089 -0.971708 0.006704 ]
		Tangent [ -0.971731 0.236084 -0.001576 ]
		Color 0
		U0 0.445643
		V0 0.100913
		U1 0.000000
		V1 0.000000
	Vertex
		Position [ 74.185577 0.384636 -78.236649 ]
		Normal [ -0.236089 -0.971707 0.006905 ]
		Tangent [ -0.971731 0.236084 -0.001576 ]
		Color 0
		U0 0.445641
		V0 0.096878
		U1 0.000000
		V1 0.000000
	Vertex
		Position [ 60.007771 3.791879 -83.507019 ]
		Normal [ -0.118888 -0.992884 0.006877 ]
		Tangent [ -0.971731 0.236084 -0.001576 ]
		Color 0
		U0 0.456542
		V0 0.100913
		U1 0.000000
		V1 0.000000
	Vertex
		Position [ 60.009731 3.828689 -78.259644 ]
		Normal [ -0.079196 -0.996834 0.007022 ]
		Tangent [ -0.971731 0.236084 -0.001576 ]
		Color 0
		U0 0.456541
		V0 0.096878
		U1 0.000000
		V1 0.000000
	Vertex
		Position [ 46.281158 3.791880 -83.507019 ]
		Normal [ -0.000000 -0.999976 0.006933 ]
		Tangent [ -1.000000 0.000000 0.000000 ]
		Color 0
		U0 0.467097
		V0 0.100913
		U1 0.000000
		V1 0.000000
	Vertex
		Position [ 46.283119 3.828690 -78.259659 ]
		Normal [ -0.000000 -0.999975 0.007015 ]
		Tangent [ -1.000000 0.000000 -0.000001 ]
		Color 0
		U0 0.467095
		V0 0.096878
		U1 0.000000
		V1 0.000000
	Vertex
		Position [ 46.595196 3.922388 -83.507965 ]
		Normal [ 0.789852 -0.613284 0.004050 ]
		Tangent [ -0.000179 -0.006764 -0.999977 ]
		Color 0
		U0 0.421081
		V0 0.019112
		U1 0.000000
		V1 0.000000
	Vertex
		Position [ 46.597160 3.959197 -78.260605 ]
		Normal [ 0.789852 -0.613284 0.004006 ]
		Tangent [ -0.000179 -0.006764 -0.999977 ]
		Color 0
		U0 0.417046
		V0 0.019113
		U1 0.000000
		V1 0.000000
	Vertex
		Position [ 43.300812 -0.320287 -83.479630 ]
		Normal [ 0.789852 -0.613284 0.004028 ]
		Tangent [ -0.000179 -0.006764 -0.999977 ]
		Color 0
		U0 0.421081
		V0 0.015849
		U1 0.000000
		V1 0.000000
	Vertex
		Position [ 43.302776 -0.283477 -78.232269 ]
		Normal [ 0.789852 -0.613284 0.004006 ]
		Tangent [ 0.000016 -0.006512 -0.999979 ]
		Color 0
		U0 0.417046
		V0 0.015851
		U1 0.000000
		V1 0.000000
	Vertex
		Position [ 43.462570 -0.109194 -83.481155 ]
		Normal [ 1.000000 -0.000002 -0.000193 ]
		Tangent [ -0.000374 -0.006513 -0.999979 ]
		Color 0
		U0 0.473641
		V0 0.095414
		U1 0.000000
		V1 0.000000
	Vertex
		Position [ 43.464535 -0.072384 -78.233780 ]
		Normal [ 1.000000 -0.000004 -0.000374 ]
		Tangent [ -0.000374 -0.006513 -0.999979 ]
		Color 0
		U0 0.469607
		V0 0.095416
		U1 0.000000
		V1 0.000000
	Vertex
		Position [ 43.462570 -6.096594 -83.424637 ]
		Normal [ 1.000000 -0.000003 -0.000284 ]
		Tangent [ -0.000374 -0.006513 -0.999979 ]
		Color 0
		U0 0.473629
		V0 0.090810
		U1 0.000000
		V1 0.000000
	Vertex
		Position [ 43.464535 -6.059785 -78.177261 ]
		Normal [ 1.000000 -0.000004 -0.000374 ]
		Tangent [ -0.000374 -0.006527 -0.999979 ]
		Color 0
		U0 0.469594
		V0 0.090812
		U1 0.000000
		V1 0.000000
	Vertex
		Position [ 43.197884 -5.796711 -83.426682 ]
		Normal [ 0.490813 0.871242 -0.006295 ]
		Tangent [ 0.871265 -0.490802 0.003307 ]
		Color 0
		U0 0.483246
		V0 0.046323
		U1 0.000000
		V1 0.000000
	Vertex
		Position [ 43.199844 -5.759901 -78.179321 ]
		Normal [ 0.490813 0.871242 -0.006295 ]
		Tangent [ 0.871265 -0.490802 0.003307 ]
		Color 0
		U0 0.483247
		V0 0.042289
		U1 0.000000
		V1 0.000000
	Vertex
		Position [ 54.429657 -12.123926 -83.400955 ]
		Normal [ 0.490813 0.871242 -0.006295 ]
		Tangent [ 0.871265 -0.490802 0.003307 ]
		Color 0
		U0 0.491882
		V0 0.046336
		U1 0.000000
		V1 0.000000
	Vertex
		Position [ 54.431618 -12.087116 -78.153580 ]
		Normal [ 0.490813 0.871242 -0.006295 ]
		Tangent [ 0.871265 -0.490803 0.003205 ]
		Color 0
		U0 0.491883
		V0 0.042301
		U1 0.000000
		V1 0.000000
	Vertex
		Position [ 54.260654 -12.079617 -83.401199 ]
		Normal [ -0.000182 0.999975 -0.007015 ]
		Tangent [ 1.000000 0.000182 -0.000001 ]
		Color 0
		U0 0.457017
		V0 0.082831
		U1 0.000000
		V1 0.000000
	Vertex
		Position [ 54.262615 -12.042808 -78.153839 ]
		Normal [ -0.000182 0.999975 -0.007014 ]
		Tangent [ 1.000000 0.000182 -0.000001 ]
		Color 0
		U0 0.457018
		V0 0.078796
		U1 0.000000
		V1 0.000000
	Vertex
		Position [ 72.422760 -12.076309 -83.401215 ]
		Normal [ -0.000182 0.999975 -0.007014 ]
		Tangent [ 1.000000 0.000182 -0.000001 ]
		Color 0
		U0 0.470982
		V0 0.082831
		U1 0.000000
		V1 0.000000
	Vertex
		Position [ 72.424721 -12.039502 -78.153854 ]
		Normal [ -0.000182 0.999975 -0.007014 ]
		Tangent [ 1.000000 0.000182 -0.000001 ]
		Color 0
		U0 0.470983
		V0 0.078796
		U1 0.000000
		V1 0.000000
	Vertex
		Position [ 72.151886 -12.208210 -83.399078 ]
		Normal [ -0.806650 0.590848 0.014631 ]
		Tangent [ -0.000006 -0.006513 -0.999979 ]
		Color 0
		U0 0.464782
		V0 0.028550
		U1 0.000000
		V1 0.000000
	Vertex
		Position [ 72.153847 -12.171400 -78.151703 ]
		Normal [ -0.806789 0.590827 -0.003843 ]
		Tangent [ -0.000006 -0.006513 -0.999979 ]
		Color 0
		U0 0.460747
		V0 0.028548
		U1 0.000000
		V1 0.000000
	Vertex
		Position [ 73.904930 -9.814487 -83.415054 ]
		Normal [ -0.794697 0.606983 0.005270 ]
		Tangent [ -0.000006 -0.006513 -0.999979 ]
		Color 0
		U0 0.464782
		V0 0.026709
		U1 0.000000
		V1 0.000000
	Vertex
		Position [ 73.906891 -9.777678 -78.167694 ]
		Normal [ -0.806789 0.590827 -0.003843 ]
		Tangent [ -0.000190 -0.006764 -0.999977 ]
		Color 0
		U0 0.460747
		V0 0.026708
		U1 0.000000
		V1 0.000000
	Vertex
		Position [ 73.831665 -10.025175 -83.414749 ]
		Normal [ -0.999989 0.004659 0.000161 ]
		Tangent [ -0.000371 -0.006512 -0.999979 ]
		Color 0
		U0 0.445445
		V0 0.034087
		U1 0.000000
		V1 0.000000
	Vertex
		Position [ 73.833626 -9.988365 -78.167374 ]
		Normal [ -0.999989 0.004661 0.000341 ]
		Tangent [ -0.000371 -0.006512 -0.999979 ]
		Color 0
		U0 0.441410
		V0 0.034085
		U1 0.000000
		V1 0.000000
	Vertex
		Position [ 73.881584 0.691031 -83.486313 ]
		Normal [ -0.999989 0.004660 0.000251 ]
		Tangent [ -0.000371 -0.006512 -0.999979 ]
		Color 0
		U0 0.445445
		V0 0.025847
		U1 0.000000
		V1 0.000000
	Vertex
		Position [ 73.883545 0.727841 -78.238937 ]
		Normal [ -0.999989 0.004661 0.000341 ]
		Tangent [ -0.000371 -0.006513 -0.999979 ]
		Color 0
		U0 0.441410
		V0 0.025845
		U1 0.000000
		V1 0.000000
	Vertex
		Position [ 54.260715 -12.423808 -83.398788 ]
