TXT
MeshData
	maxDiffuseMipLevel 0
	hasValidTangents TRUE
	BoundingRadius 1742.604492
	MaxBoundingExtents [ 1742.604370 1131.160889 1742.604370 ]
	MinBoundingExtents [ -1742.604370 -1131.160889 -1742.604370 ]
	NumMaterials 2
	Material
		DiffuseTextureFileName ""
		SelfIlluminationTextureFileName ""
		NormalTextureFileName ""
		DisplacementTextureFileName ""
		TeamColorTextureFileName ""
		Diffuse ffffffff
		Ambient ffffffff
		Specular ffffffff
		Emissive ffffffff
		Glossiness 50.000000
	Material
		DiffuseTextureFileName ""
		SelfIlluminationTextureFileName ""
		NormalTextureFileName ""
		DisplacementTextureFileName ""
		TeamColorTextureFileName ""
		Diffuse ffffffff
		Ambient ffffffff
		Specular ffffffff
		Emissive ffffffff
		Glossiness 50.000000
	NumPoints 127
	Point
		DataString "Above"
		Position [ 0.000000 900.000000 0.000000 ]
		Orientation
			 [ 1.000000 0.000000 0.000000 ]
			 [ 0.000000 1.000000 0.000000 ]
			 [ 0.000000 0.000000 1.000000 ]
	Point
		DataString "Aura"
		Position [ 0.000000 -900.000000 0.000000 ]
		Orientation
			 [ 1.000000 0.000000 0.000000 ]
			 [ 0.000000 1.000000 0.000000 ]
			 [ 0.000000 0.000000 1.000000 ]
	Point
		DataString "Center"
		Position [ 0.000000 0.000000 0.000000 ]
		Orientation
			 [ 1.000000 0.000000 0.000000 ]
			 [ 0.000000 1.000000 0.000000 ]
			 [ 0.000000 0.000000 1.000000 ]
	Point
		DataString "Flair-Flair_Blink"
		Position [ -1031.296875 -417.219635 -1055.567261 ]
		Orientation
			 [ -0.707107 0.000000 0.707107 ]
			 [ 0.000000 1.000000 0.000000 ]
			 [ -0.707107 0.000000 -0.707107 ]
	Point
		DataString "Flair-Flair_Blink"
		Position [ 1033.567871 -417.219635 -1058.474243 ]
		Orientation
			 [ -0.707107 0.000000 -0.707107 ]
			 [ 0.000000 1.000000 0.000000 ]
			 [ 0.707107 0.000000 -0.707107 ]
	Point
		DataString "Flair-Flair_Blink"
		Position [ 1031.544678 -417.219635 1055.690918 ]
		Orientation
			 [ 0.707107 0.000000 -0.707107 ]
			 [ 0.000000 1.000000 0.000000 ]
			 [ 0.707107 0.000000 0.707107 ]
	Point
		DataString "Flair-Flair_Blink"
		Position [ -1030.798950 -417.219635 1056.376099 ]
		Orientation
			 [ 0.707107 0.000000 0.707107 ]
			 [ 0.000000 1.000000 0.000000 ]
			 [ -0.707107 0.000000 0.707107 ]
	Point
		DataString "Hangar"
		Position [ 0.000000 500.000000 0.000000 ]
		Orientation
			 [ 1.000000 0.000000 0.000000 ]
			 [ 0.000000 -0.000000 -1.000000 ]
			 [ 0.000000 1.000000 -0.000000 ]
	Point
		DataString "Hangar"
		Position [ -0.000022 500.000000 -250.000000 ]
		Orientation
			 [ 1.000000 0.000000 0.000000 ]
			 [ 0.000000 -0.000000 -1.000000 ]
			 [ 0.000000 1.000000 -0.000000 ]
	Point
		DataString "Hangar"
		Position [ 0.000022 500.000000 250.000000 ]
		Orientation
			 [ 1.000000 0.000000 0.000000 ]
			 [ 0.000000 -0.000000 -1.000000 ]
			 [ 0.000000 1.000000 -0.000000 ]
	Point
		DataString "Hangar"
		Position [ -250.000000 500.000000 0.000022 ]
		Orientation
			 [ 1.000000 0.000000 0.000000 ]
			 [ 0.000000 -0.000000 -1.000000 ]
			 [ 0.000000 1.000000 -0.000000 ]
	Point
		DataString "Hangar"
		Position [ 250.000000 500.000000 -0.000022 ]
		Orientation
			 [ 1.000000 0.000000 0.000000 ]
			 [ 0.000000 -0.000000 -1.000000 ]
			 [ 0.000000 1.000000 -0.000000 ]
	Point
		DataString "Weapon-1"
		Position [ -1095.817139 245.111359 1029.700073 ]
		Orientation
			 [ 0.707107 0.000000 0.707107 ]
			 [ 0.000000 1.000000 0.000000 ]
			 [ -0.707107 0.000000 0.707107 ]
	Point
		DataString "Weapon-1"
		Position [ -1023.312744 245.111359 1102.204468 ]
		Orientation
			 [ 0.707107 0.000000 0.707107 ]
			 [ 0.000000 1.000000 0.000000 ]
			 [ -0.707107 0.000000 0.707107 ]
	Point
		DataString "Weapon-1"
		Position [ 1023.553589 245.111359 1102.771240 ]
		Orientation
			 [ 0.707107 0.000000 -0.707107 ]
			 [ 0.000000 1.000000 0.000000 ]
			 [ 0.707107 0.000000 0.707107 ]
	Point
		DataString "Weapon-1"
		Position [ 1096.491211 245.111359 1029.833618 ]
		Orientation
			 [ 0.707107 0.000000 -0.707107 ]
			 [ 0.000000 1.000000 0.000000 ]
			 [ 0.707107 0.000000 0.707107 ]
	Point
		DataString "Weapon-1"
		Position [ 1096.602173 245.111359 -1030.291138 ]
		Orientation
			 [ -0.707107 0.000000 -0.707107 ]
			 [ 0.000000 1.000000 0.000000 ]
			 [ 0.707107 0.000000 -0.707107 ]
	Point
		DataString "Weapon-1"
		Position [ 1023.798218 245.111359 -1103.095215 ]
		Orientation
			 [ -0.707107 0.000000 -0.707107 ]
			 [ 0.000000 1.000000 0.000000 ]
			 [ 0.707107 0.000000 -0.707107 ]
	Point
		DataString "Weapon-1"
		Position [ -1023.296997 245.111359 -1103.094971 ]
		Orientation
			 [ -0.707107 0.000000 0.707107 ]
			 [ 0.000000 1.000000 0.000000 ]
			 [ -0.707107 0.000000 -0.707107 ]
	Point
		DataString "Weapon-1"
		Position [ -1096.552612 245.111359 -1029.839355 ]
		Orientation
			 [ -0.707107 0.000000 0.707107 ]
			 [ 0.000000 1.000000 0.000000 ]
			 [ -0.707107 0.000000 -0.707107 ]
	Point
		DataString "Weapon-0"
		Position [ 335.157867 224.705841 1154.516235 ]
		Orientation
			 [ 1.000000 0.000000 0.000000 ]
			 [ 0.000000 1.000000 0.000000 ]
			 [ 0.000000 0.000000 1.000000 ]
	Point
		DataString "Weapon-0"
		Position [ -298.981934 224.705841 1154.516235 ]
		Orientation
			 [ 1.000000 0.000000 0.000000 ]
			 [ 0.000000 1.000000 0.000000 ]
			 [ 0.000000 0.000000 1.000000 ]
	Point
		DataString "Weapon-0"
		Position [ -1160.129028 224.705841 514.730164 ]
		Orientation
			 [ -0.000000 0.000000 1.000000 ]
			 [ 0.000000 1.000000 0.000000 ]
			 [ -1.000000 0.000000 -0.000000 ]
	Point
		DataString "Weapon-0"
		Position [ -1160.129028 224.705841 37.897953 ]
		Orientation
			 [ -0.000000 0.000000 1.000000 ]
			 [ 0.000000 1.000000 0.000000 ]
			 [ -1.000000 0.000000 -0.000000 ]
	Point
		DataString "Weapon-0"
		Position [ -1160.129028 224.705841 -691.783386 ]
		Orientation
			 [ -0.000000 0.000000 1.000000 ]
			 [ 0.000000 1.000000 0.000000 ]
			 [ -1.000000 0.000000 -0.000000 ]
	Point
		DataString "Weapon-0"
		Position [ -155.188156 224.705841 -1157.290283 ]
		Orientation
			 [ -1.000000 0.000000 -0.000000 ]
			 [ 0.000000 1.000000 0.000000 ]
			 [ 0.000000 0.000000 -1.000000 ]
	Point
		DataString "Weapon-0"
		Position [ 334.728729 224.705841 -1157.290283 ]
		Orientation
			 [ -1.000000 0.000000 -0.000000 ]
			 [ 0.000000 1.000000 0.000000 ]
			 [ 0.000000 0.000000 -1.000000 ]
	Point
		DataString "Weapon-0"
		Position [ 1160.703735 224.705841 -301.921173 ]
		Orientation
			 [ 0.000000 0.000000 -1.000000 ]
			 [ 0.000000 1.000000 0.000000 ]
			 [ 1.000000 0.000000 0.000000 ]
	Point
		DataString "Weapon-0"
		Position [ 1160.703735 224.705841 118.829491 ]
		Orientation
			 [ 0.000000 0.000000 -1.000000 ]
			 [ 0.000000 1.000000 0.000000 ]
			 [ 1.000000 0.000000 0.000000 ]
	Point
		DataString "Weapon-0"
		Position [ 1160.703735 224.705841 546.106262 ]
		Orientation
			 [ 0.000000 0.000000 -1.000000 ]
			 [ 0.000000 1.000000 0.000000 ]
			 [ 1.000000 0.000000 0.000000 ]
	Point
		DataString "Flair-Flair_Starbase_core"
		Position [ 0.000000 330.331757 0.000000 ]
		Orientation
			 [ 1.000000 0.000000 0.000000 ]
			 [ 0.000000 -0.000000 -1.000000 ]
			 [ 0.000000 1.000000 -0.000000 ]
	Point
		DataString "Flair-Flair_Starbase_haze"
		Position [ 382.875916 -417.219635 -564.341125 ]
		Orientation
			 [ -0.707107 0.000000 -0.707107 ]
			 [ 0.000000 1.000000 0.000000 ]
			 [ 0.707107 0.000000 -0.707107 ]
	Point
		DataString "Flair-Flair_Starbase_haze"
		Position [ 559.309998 -417.219635 -387.907104 ]
		Orientation
			 [ -0.707107 0.000000 -0.707107 ]
			 [ 0.000000 1.000000 0.000000 ]
			 [ 0.707107 0.000000 -0.707107 ]
	Point
		DataString "Flair-Flair_Starbase_haze"
		Position [ 562.124878 -417.219635 380.078186 ]
		Orientation
			 [ 0.707107 0.000000 -0.707107 ]
			 [ 0.000000 1.000000 0.000000 ]
			 [ 0.707107 0.000000 0.707107 ]
	Point
		DataString "Flair-Flair_Starbase_haze"
		Position [ 382.172607 -417.219635 560.030457 ]
		Orientation
			 [ 0.707107 0.000000 -0.707107 ]
			 [ 0.000000 1.000000 0.000000 ]
			 [ 0.707107 0.000000 0.707107 ]
	Point
		DataString "Flair-Flair_Starbase_haze"
		Position [ -376.708496 -417.219635 560.214600 ]
		Orientation
			 [ 0.707107 0.000000 0.707107 ]
			 [ 0.000000 1.000000 0.000000 ]
			 [ -0.707107 0.000000 0.707107 ]
	Point
		DataString "Flair-Flair_Starbase_haze"
		Position [ -561.095337 -417.219635 375.827789 ]
		Orientation
			 [ 0.707107 0.000000 0.707107 ]
			 [ 0.000000 1.000000 0.000000 ]
			 [ -0.707107 0.000000 0.707107 ]
	Point
		DataString "Flair-Flair_Starbase_haze"
		Position [ -573.273499 -417.219635 -380.902191 ]
		Orientation
			 [ -0.707107 0.000000 0.707106 ]
			 [ 0.000000 1.000000 0.000000 ]
			 [ -0.707106 0.000000 -0.707107 ]
	Point
		DataString "Flair-Flair_Starbase_haze"
		Position [ -389.894928 -417.219635 -564.280762 ]
		Orientation
			 [ -0.707107 0.000000 0.707106 ]
			 [ 0.000000 1.000000 0.000000 ]
			 [ -0.707106 0.000000 -0.707107 ]
	Point
		DataString "Flair-Flair_Starbase_cityglow"
		Position [ -854.924744 407.986389 -138.515976 ]
		Orientation
			 [ 0.898298 -0.439387 0.000000 ]
			 [ -0.000000 -0.000000 -1.000000 ]
			 [ 0.439387 0.898298 -0.000000 ]
	Point
		DataString "Build-Tech_ShipyardBuildEffect"
		Position [ 209.329575 330.331757 -138.122650 ]
		Orientation
			 [ 0.707107 0.000000 0.707107 ]
			 [ 0.683013 0.258819 -0.683013 ]
			 [ -0.183013 0.965926 0.183013 ]
	Point
		DataString "ShipBuild"
		Position [ 0.000000 413.713959 0.000000 ]
		Orientation
			 [ 1.000000 0.000000 0.000000 ]
			 [ 0.000000 -0.000000 -1.000000 ]
			 [ 0.000000 1.000000 -0.000000 ]
	Point
		DataString "Build-Tech_ShipyardBuildEffect"
		Position [ 67.977623 325.187317 105.663551 ]
		Orientation
			 [ -0.630394 0.000000 0.776276 ]
			 [ 0.749825 0.258819 0.608913 ]
			 [ -0.200915 0.965926 -0.163158 ]
	Point
		DataString "Build-Tech_ShipyardBuildEffect"
		Position [ -177.815216 325.187317 105.663574 ]
		Orientation
			 [ -0.586667 0.000000 -0.809828 ]
			 [ -0.682772 0.537745 0.494623 ]
			 [ 0.435481 0.843107 -0.315477 ]
	Point
		DataString "Build-Tech_ShipyardBuildEffect"
		Position [ -147.294449 328.677551 -101.293221 ]
		Orientation
			 [ 0.809828 0.000000 -0.586667 ]
			 [ -0.494623 0.537745 -0.682772 ]
			 [ 0.315477 0.843107 0.435482 ]
	Point
		DataString "Build-Tech_ShipyardBuildEffect"
		Position [ 7.856411 328.677551 -108.325424 ]
		Orientation
			 [ 0.991226 -0.015547 -0.131264 ]
			 [ -0.112163 0.426504 -0.897504 ]
			 [ 0.069938 0.904352 0.421017 ]
	Point
		DataString "Flair-Flair_Starbase_haze"
		Position [ -737.452148 133.084244 305.097748 ]
		Orientation
			 [ 1.000000 0.000000 0.000000 ]
			 [ 0.000000 -0.000000 1.000000 ]
			 [ 0.000000 -1.000000 -0.000000 ]
	Point
		DataString "Flair-Flair_Starbase_haze"
		Position [ -737.452148 133.084244 -266.044647 ]
		Orientation
			 [ 1.000000 0.000000 0.000000 ]
			 [ 0.000000 -0.000000 1.000000 ]
			 [ 0.000000 -1.000000 -0.000000 ]
	Point
		DataString "Flair-Flair_Starbase_haze"
		Position [ -261.939514 133.084244 -693.540771 ]
		Orientation
			 [ 1.000000 0.000000 0.000000 ]
			 [ 0.000000 -0.000000 1.000000 ]
			 [ 0.000000 -1.000000 -0.000000 ]
	Point
		DataString "Flair-Flair_Starbase_haze"
		Position [ 241.807800 133.084244 -693.540771 ]
		Orientation
			 [ 1.000000 0.000000 0.000000 ]
			 [ 0.000000 -0.000000 1.000000 ]
			 [ 0.000000 -1.000000 -0.000000 ]
	Point
		DataString "Flair-Flair_Starbase_haze"
		Position [ 688.236084 133.084244 -258.931488 ]
		Orientation
			 [ 1.000000 0.000000 0.000000 ]
			 [ 0.000000 -0.000000 1.000000 ]
			 [ 0.000000 -1.000000 -0.000000 ]
	Point
		DataString "Flair-Flair_Starbase_haze"
		Position [ 688.236084 133.084244 257.665771 ]
		Orientation
			 [ 1.000000 0.000000 0.000000 ]
			 [ 0.000000 -0.000000 1.000000 ]
			 [ 0.000000 -1.000000 -0.000000 ]
	Point
		DataString "Flair-Flair_Starbase_haze"
		Position [ 255.587753 133.084244 668.312927 ]
		Orientation
			 [ 1.000000 0.000000 0.000000 ]
			 [ 0.000000 -0.000000 1.000000 ]
			 [ 0.000000 -1.000000 -0.000000 ]
	Point
		DataString "Flair-Flair_Starbase_haze"
		Position [ -247.866592 133.084244 668.312927 ]
		Orientation
			 [ 1.000000 0.000000 0.000000 ]
			 [ 0.000000 -0.000000 1.000000 ]
			 [ 0.000000 -1.000000 -0.000000 ]
	Point
		DataString "Flair-Flair_Starbase_cityglow"
		Position [ -138.414642 413.304321 -859.811096 ]
		Orientation
			 [ -0.000000 -0.439386 0.898298 ]
			 [ -1.000000 0.000000 0.000000 ]
			 [ -0.000000 -0.898298 -0.439386 ]
	Point
		DataString "Flair-Flair_Starbase_cityglow"
		Position [ 728.908081 477.024109 -208.501633 ]
		Orientation
			 [ -0.898298 -0.439386 0.000000 ]
			 [ 0.000000 -0.000000 1.000000 ]
			 [ -0.439386 0.898298 0.000000 ]
	Point
		DataString "Flair-Flair_Starbase_cityglow"
		Position [ -211.740997 477.024109 728.908081 ]
		Orientation
			 [ -0.000000 -0.439386 -0.898298 ]
			 [ 1.000000 0.000000 -0.000000 ]
			 [ 0.000000 -0.898298 0.439386 ]
	Point
		DataString "Weapon-2"
		Position [ -606.924805 469.120178 -617.787659 ]
		Orientation
			 [ -0.500000 0.000000 0.866025 ]
			 [ 0.000000 1.000000 0.000000 ]
			 [ -0.866025 0.000000 -0.500000 ]
	Point
		DataString "Weapon-2"
		Position [ -542.044128 511.294769 -550.825745 ]
		Orientation
			 [ -0.866025 0.000000 0.500000 ]
			 [ 0.000000 1.000000 0.000000 ]
			 [ -0.500000 0.000000 -0.866025 ]
	Point
		DataString "Weapon-2"
		Position [ -901.687378 380.361206 256.944702 ]
		Orientation
			 [ -0.000000 0.000000 1.000000 ]
			 [ 0.000000 1.000000 0.000000 ]
			 [ -1.000000 0.000000 -0.000000 ]
	Point
		DataString "Weapon-2"
		Position [ -901.687439 380.361176 -256.944489 ]
		Orientation
			 [ -0.000000 0.000000 1.000000 ]
			 [ 0.000000 1.000000 0.000000 ]
			 [ -1.000000 0.000000 -0.000000 ]
	Point
		DataString "Weapon-2"
		Position [ -256.944702 380.361206 -901.687378 ]
		Orientation
			 [ -1.000000 0.000000 -0.000000 ]
			 [ 0.000000 1.000000 0.000000 ]
			 [ 0.000000 0.000000 -1.000000 ]
	Point
		DataString "Weapon-2"
		Position [ 256.944489 380.361176 -901.687439 ]
		Orientation
			 [ -1.000000 0.000000 -0.000000 ]
			 [ 0.000000 1.000000 0.000000 ]
			 [ 0.000000 0.000000 -1.000000 ]
	Point
		DataString "Weapon-2"
		Position [ 901.687378 380.361206 -256.944702 ]
		Orientation
			 [ 0.000000 0.000000 -1.000000 ]
			 [ 0.000000 1.000000 0.000000 ]
			 [ 1.000000 0.000000 0.000000 ]
	Point
		DataString "Weapon-2"
		Position [ 901.687439 380.361176 256.944489 ]
		Orientation
			 [ 0.000000 0.000000 -1.000000 ]
			 [ 0.000000 1.000000 0.000000 ]
			 [ 1.000000 0.000000 0.000000 ]
	Point
		DataString "Weapon-2"
		Position [ 256.944702 380.361206 901.687378 ]
		Orientation
			 [ 1.000000 0.000000 0.000000 ]
			 [ 0.000000 0.500000 -0.866025 ]
			 [ -0.000000 0.866025 0.500000 ]
	Point
		DataString "Weapon-2"
		Position [ -256.944489 380.361176 901.687439 ]
		Orientation
			 [ 1.000000 0.000000 0.000000 ]
			 [ 0.000000 0.500000 -0.866025 ]
			 [ -0.000000 0.866025 0.500000 ]
	Point
		DataString "Weapon-2"
		Position [ 548.915894 510.009430 -541.408203 ]
		Orientation
			 [ -0.508935 0.000000 -0.860805 ]
			 [ 0.000000 1.000000 0.000000 ]
			 [ 0.860805 0.000000 -0.508935 ]
	Point
		DataString "Weapon-2"
		Position [ 89.102142 -300.459930 484.020752 ]
		Orientation
			 [ 1.000000 0.000000 0.000000 ]
			 [ 0.000000 0.987131 -0.159915 ]
			 [ 0.000000 0.159915 0.987131 ]
	Point
		DataString "Weapon-2"
		Position [ -550.825745 510.009430 542.044128 ]
		Orientation
			 [ 0.500000 0.000000 0.866025 ]
			 [ 0.000000 1.000000 0.000000 ]
			 [ -0.866025 0.000000 0.500000 ]
	Point
		DataString "Weapon-2"
		Position [ -617.357178 468.411316 607.173340 ]
		Orientation
			 [ 0.866025 0.000000 0.500000 ]
			 [ 0.000000 1.000000 0.000000 ]
			 [ -0.500000 0.000000 0.866025 ]
	Point
		DataString "Weapon-2"
		Position [ 542.044128 510.747559 550.825745 ]
		Orientation
			 [ 0.866025 0.000000 -0.500000 ]
			 [ 0.000000 1.000000 0.000000 ]
			 [ 0.500000 0.000000 0.866025 ]
	Point
		DataString "Weapon-2"
		Position [ 606.822937 468.411316 617.964172 ]
		Orientation
			 [ 0.500000 0.000000 -0.866025 ]
			 [ 0.000000 1.000000 0.000000 ]
			 [ 0.866025 0.000000 0.500000 ]
	Point
		DataString "Weapon-2"
		Position [ 617.659973 470.231354 -610.465088 ]
		Orientation
			 [ -0.508935 0.000000 -0.860805 ]
			 [ 0.000000 1.000000 0.000000 ]
			 [ 0.860805 0.000000 -0.508935 ]
	Point
		DataString "Weapon-2"
		Position [ 57.216099 -313.530884 487.506378 ]
		Orientation
			 [ 1.000000 0.000000 0.000000 ]
			 [ 0.000000 0.987131 -0.159915 ]
			 [ 0.000000 0.159915 0.987131 ]
	Point
		DataString "Weapon-2"
		Position [ 48.645901 -299.842468 485.288849 ]
		Orientation
			 [ 1.000000 0.000000 0.000000 ]
			 [ 0.000000 0.987131 -0.159915 ]
			 [ 0.000000 0.159915 0.987131 ]
	Point
		DataString "Weapon-2"
		Position [ 80.610893 -313.256287 486.093750 ]
		Orientation
			 [ 1.000000 0.000000 0.000000 ]
			 [ 0.000000 0.987131 -0.159915 ]
			 [ 0.000000 0.159915 0.987131 ]
	Point
		DataString "Weapon-2"
		Position [ -487.595886 -314.083527 -97.441254 ]
		Orientation
			 [ -0.000000 0.000000 1.000000 ]
			 [ 0.159915 0.987131 0.000000 ]
			 [ -0.987131 0.159915 -0.000000 ]
	Point
		DataString "Weapon-2"
		Position [ -485.432159 -300.727173 -89.261421 ]
		Orientation
			 [ -0.000000 0.000000 1.000000 ]
			 [ 0.159915 0.987131 0.000000 ]
			 [ -0.987131 0.159915 -0.000000 ]
	Point
		DataString "Weapon-2"
		Position [ -484.076691 -300.805328 -48.805191 ]
		Orientation
			 [ -0.000000 0.000000 1.000000 ]
			 [ 0.159915 0.987131 0.000000 ]
			 [ -0.987131 0.159915 -0.000000 ]
	Point
		DataString "Weapon-2"
		Position [ -486.228058 -314.085266 -57.089329 ]
		Orientation
			 [ -0.000000 0.000000 1.000000 ]
			 [ 0.159915 0.987131 0.000000 ]
			 [ -0.987131 0.159915 -0.000000 ]
	Point
		DataString "Weapon-2"
		Position [ -132.222214 -346.628113 -618.965881 ]
		Orientation
			 [ -1.000000 0.000000 -0.000000 ]
			 [ -0.000000 0.987131 0.159915 ]
			 [ 0.000000 0.159915 -0.987131 ]
	Point
		DataString "Weapon-2"
		Position [ -83.652458 -346.628113 -618.965881 ]
		Orientation
			 [ -1.000000 0.000000 -0.000000 ]
			 [ -0.000000 0.987131 0.159915 ]
			 [ 0.000000 0.159915 -0.987131 ]
	Point
		DataString "Weapon-2"
		Position [ -91.887474 -360.191376 -621.163147 ]
		Orientation
			 [ -1.000000 0.000000 -0.000000 ]
			 [ -0.000000 0.987131 0.159915 ]
			 [ 0.000000 0.159915 -0.987131 ]
	Point
		DataString "Weapon-2"
		Position [ -123.652298 -360.191376 -621.163147 ]
		Orientation
			 [ -1.000000 0.000000 -0.000000 ]
			 [ -0.000000 0.987131 0.159915 ]
			 [ 0.000000 0.159915 -0.987131 ]
	Point
		DataString "Weapon-2"
		Position [ 604.484619 -352.656036 89.437401 ]
		Orientation
			 [ 0.000000 0.000000 -1.000000 ]
			 [ -0.159915 0.987131 -0.000000 ]
			 [ 0.987131 0.159915 0.000000 ]
	Point
		DataString "Weapon-2"
		Position [ 602.361267 -339.548889 97.500420 ]
		Orientation
			 [ 0.000000 0.000000 -1.000000 ]
			 [ -0.159915 0.987131 -0.000000 ]
			 [ 0.987131 0.159915 0.000000 ]
	Point
		DataString "Weapon-2"
		Position [ 601.946045 -339.616150 121.713699 ]
		Orientation
			 [ 0.000000 0.000000 -1.000000 ]
			 [ -0.159915 0.987131 -0.000000 ]
			 [ 0.987131 0.159915 0.000000 ]
	Point
		DataString "Weapon-2"
		Position [ 604.627686 -353.176880 113.717995 ]
		Orientation
			 [ 0.000000 0.000000 -1.000000 ]
			 [ -0.159915 0.987131 -0.000000 ]
			 [ 0.987131 0.159915 0.000000 ]
	Point
		DataString "Weapon-2"
		Position [ 65.312233 -299.842468 485.288849 ]
		Orientation
			 [ 1.000000 0.000000 0.000000 ]
			 [ 0.000000 0.987131 -0.159915 ]
			 [ 0.000000 0.159915 0.987131 ]
	Point
		DataString "Weapon-2"
		Position [ 97.233864 -313.256287 486.093750 ]
		Orientation
			 [ 1.000000 0.000000 0.000000 ]
			 [ 0.000000 0.987131 -0.159915 ]
			 [ 0.000000 0.159915 0.987131 ]
	Point
		DataString "Weapon-2"
		Position [ -485.432159 -300.727173 -64.945541 ]
		Orientation
			 [ -0.000000 0.000000 1.000000 ]
			 [ 0.159915 0.987131 0.000000 ]
			 [ -0.987131 0.159915 -0.000000 ]
	Point
		DataString "Weapon-2"
		Position [ -487.595886 -314.083527 -80.588974 ]
		Orientation
			 [ -0.000000 0.000000 1.000000 ]
			 [ 0.159915 0.987131 0.000000 ]
			 [ -0.987131 0.159915 -0.000000 ]
	Point
		DataString "Weapon-2"
		Position [ -115.647278 -346.628113 -618.965881 ]
		Orientation
			 [ -1.000000 0.000000 -0.000000 ]
			 [ -0.000000 0.987131 0.159915 ]
			 [ 0.000000 0.159915 -0.987131 ]
	Point
		DataString "Weapon-2"
		Position [ -99.985390 -360.191376 -621.163147 ]
		Orientation
			 [ -1.000000 0.000000 -0.000000 ]
			 [ -0.000000 0.987131 0.159915 ]
			 [ 0.000000 0.159915 -0.987131 ]
	Point
		DataString "Weapon-2"
		Position [ 604.484619 -352.656036 97.462921 ]
		Orientation
			 [ 0.000000 0.000000 -1.000000 ]
			 [ -0.159915 0.987131 -0.000000 ]
			 [ 0.987131 0.159915 0.000000 ]
	Point
		DataString "Weapon-2"
		Position [ 604.627686 -353.176880 129.997238 ]
		Orientation
			 [ 0.000000 0.000000 -1.000000 ]
			 [ -0.159915 0.987131 -0.000000 ]
			 [ 0.987131 0.159915 0.000000 ]
	Point
		DataString "Weapon-0"
		Position [ 478.460632 224.705841 1154.516235 ]
		Orientation
			 [ 1.000000 0.000000 0.000000 ]
			 [ 0.000000 1.000000 0.000000 ]
			 [ 0.000000 0.000000 1.000000 ]
	Point
		DataString "Weapon-0"
		Position [ 187.439117 224.705841 1154.516235 ]
		Orientation
			 [ 1.000000 0.000000 0.000000 ]
			 [ 0.000000 1.000000 0.000000 ]
			 [ 0.000000 0.000000 1.000000 ]
	Point
		DataString "Weapon-0"
		Position [ 122.779930 224.705841 1154.516235 ]
		Orientation
			 [ 1.000000 0.000000 0.000000 ]
			 [ 0.000000 1.000000 0.000000 ]
			 [ 0.000000 0.000000 1.000000 ]
	Point
		DataString "Weapon-0"
		Position [ 36.712868 224.705841 1154.516235 ]
		Orientation
			 [ 1.000000 0.000000 0.000000 ]
			 [ 0.000000 1.000000 0.000000 ]
			 [ 0.000000 0.000000 1.000000 ]
	Point
		DataString "Weapon-0"
		Position [ -70.453461 224.705841 1154.516235 ]
		Orientation
			 [ 1.000000 0.000000 0.000000 ]
			 [ 0.000000 1.000000 0.000000 ]
			 [ 0.000000 0.000000 1.000000 ]
	Point
		DataString "Weapon-0"
		Position [ -183.811203 224.705841 1154.516235 ]
		Orientation
			 [ 1.000000 0.000000 0.000000 ]
			 [ 0.000000 1.000000 0.000000 ]
			 [ 0.000000 0.000000 1.000000 ]
	Point
		DataString "Weapon-0"
		Position [ -432.067169 224.705841 1154.516235 ]
		Orientation
			 [ 1.000000 0.000000 0.000000 ]
			 [ 0.000000 1.000000 0.000000 ]
			 [ 0.000000 0.000000 1.000000 ]
	Point
		DataString "Weapon-0"
		Position [ -608.992126 224.705841 1154.516235 ]
		Orientation
			 [ 1.000000 0.000000 0.000000 ]
			 [ 0.000000 1.000000 0.000000 ]
			 [ 0.000000 0.000000 1.000000 ]
	Point
		DataString "Weapon-0"
		Position [ -1160.129028 224.705841 432.842194 ]
		Orientation
			 [ -0.000000 0.000000 1.000000 ]
			 [ 0.000000 1.000000 0.000000 ]
			 [ -1.000000 0.000000 -0.000000 ]
	Point
		DataString "Weapon-0"
		Position [ -1160.129028 224.705841 303.153320 ]
		Orientation
			 [ -0.000000 0.000000 1.000000 ]
			 [ 0.000000 1.000000 0.000000 ]
			 [ -1.000000 0.000000 -0.000000 ]
	Point
		DataString "Weapon-0"
		Position [ -1160.129028 224.705841 -68.064903 ]
		Orientation
			 [ -0.000000 0.000000 1.000000 ]
			 [ 0.000000 1.000000 0.000000 ]
			 [ -1.000000 0.000000 -0.000000 ]
	Point
		DataString "Weapon-0"
		Position [ -1160.129028 224.705841 222.996185 ]
		Orientation
			 [ -0.000000 0.000000 1.000000 ]
			 [ 0.000000 1.000000 0.000000 ]
			 [ -1.000000 0.000000 -0.000000 ]
	Point
		DataString "Weapon-0"
		Position [ -1160.129028 224.705841 -185.746567 ]
		Orientation
			 [ -0.000000 0.000000 1.000000 ]
			 [ 0.000000 1.000000 0.000000 ]
			 [ -1.000000 0.000000 -0.000000 ]
	Point
		DataString "Weapon-0"
		Position [ -1160.129028 224.705841 -404.018799 ]
		Orientation
			 [ -0.000000 0.000000 1.000000 ]
			 [ 0.000000 1.000000 0.000000 ]
			 [ -1.000000 0.000000 -0.000000 ]
	Point
		DataString "Weapon-0"
		Position [ -1160.129028 224.705841 -519.560181 ]
		Orientation
			 [ -0.000000 0.000000 1.000000 ]
			 [ 0.000000 1.000000 0.000000 ]
			 [ -1.000000 0.000000 -0.000000 ]
	Point
		DataString "Weapon-0"
		Position [ -549.103943 224.705841 -1157.290283 ]
		Orientation
			 [ -1.000000 0.000000 -0.000000 ]
			 [ 0.000000 1.000000 0.000000 ]
			 [ 0.000000 0.000000 -1.000000 ]
	Point
		DataString "Weapon-0"
		Position [ -434.622498 224.705841 -1157.290283 ]
		Orientation
			 [ -1.000000 0.000000 -0.000000 ]
			 [ 0.000000 1.000000 0.000000 ]
			 [ 0.000000 0.000000 -1.000000 ]
	Point
		DataString "Weapon-0"
		Position [ -302.455322 224.705841 -1157.290283 ]
		Orientation
			 [ -1.000000 0.000000 -0.000000 ]
			 [ 0.000000 1.000000 0.000000 ]
			 [ 0.000000 0.000000 -1.000000 ]
	Point
		DataString "Weapon-0"
		Position [ 40.418758 224.705841 -1157.290283 ]
		Orientation
			 [ -1.000000 0.000000 -0.000000 ]
			 [ 0.000000 1.000000 0.000000 ]
			 [ 0.000000 0.000000 -1.000000 ]
	Point
		DataString "Weapon-0"
		Position [ 483.400757 224.705841 -1157.290283 ]
		Orientation
			 [ -1.000000 0.000000 -0.000000 ]
			 [ 0.000000 1.000000 0.000000 ]
			 [ 0.000000 0.000000 -1.000000 ]
	Point
		DataString "Weapon-0"
		Position [ 186.698242 224.705841 -1157.290283 ]
		Orientation
			 [ -1.000000 0.000000 -0.000000 ]
			 [ 0.000000 1.000000 0.000000 ]
			 [ 0.000000 0.000000 -1.000000 ]
	Point
		DataString "Weapon-0"
		Position [ 609.893372 224.705841 -1157.290283 ]
		Orientation
			 [ -1.000000 0.000000 -0.000000 ]
			 [ 0.000000 1.000000 0.000000 ]
			 [ 0.000000 0.000000 -1.000000 ]
	Point
		DataString "Weapon-0"
		Position [ -36.435425 224.705841 -1157.290283 ]
		Orientation
			 [ -1.000000 0.000000 -0.000000 ]
			 [ 0.000000 1.000000 0.000000 ]
			 [ 0.000000 0.000000 -1.000000 ]
	Point
		DataString "Weapon-0"
		Position [ 1160.703735 224.705841 -580.723877 ]
		Orientation
			 [ 0.000000 0.000000 -1.000000 ]
			 [ 0.000000 1.000000 0.000000 ]
			 [ 1.000000 0.000000 0.000000 ]
	Point
		DataString "Weapon-0"
		Position [ 1160.703735 224.705841 -32.754025 ]
		Orientation
			 [ 0.000000 0.000000 -1.000000 ]
			 [ 0.000000 1.000000 0.000000 ]
			 [ 1.000000 0.000000 0.000000 ]
	Point
		DataString "Weapon-0"
		Position [ 1160.703735 224.705841 400.383911 ]
		Orientation
			 [ 0.000000 0.000000 -1.000000 ]
			 [ 0.000000 1.000000 0.000000 ]
			 [ 1.000000 0.000000 0.000000 ]
	Point
		DataString "Weapon-0"
		Position [ 1160.703735 224.705841 298.413605 ]
		Orientation
			 [ 0.000000 0.000000 -1.000000 ]
			 [ 0.000000 1.000000 0.000000 ]
			 [ 1.000000 0.000000 0.000000 ]
	Point
		DataString "Weapon-0"
		Position [ 1160.703735 224.705841 -472.960144 ]
		Orientation
			 [ 0.000000 0.000000 -1.000000 ]
			 [ 0.000000 1.000000 0.000000 ]
			 [ 1.000000 0.000000 0.000000 ]
	Point
		DataString "Weapon-0"
		Position [ 1160.703735 224.705841 -189.939240 ]
		Orientation
			 [ 0.000000 0.000000 -1.000000 ]
			 [ 0.000000 1.000000 0.000000 ]
			 [ 1.000000 0.000000 0.000000 ]
	Point
		DataString "Weapon-0"
		Position [ 1160.703735 224.705841 657.636047 ]
		Orientation
			 [ 0.000000 0.000000 -1.000000 ]
			 [ 0.000000 1.000000 0.000000 ]
			 [ 1.000000 0.000000 0.000000 ]
	NumVertices 157
	Vertex
		Position [ 390.594116 -1092.617432 225.509567 ]
		Normal [ 0.149811 -0.984924 0.086493 ]
		Tangent [ -0.500000 0.000000 0.866025 ]
		Color 0
		U0 0.333333
		V0 0.875388
		U1 0.333333
		V1 0.875388
	Vertex
		Position [ 451.019196 -1092.617432 -0.000039 ]
		Normal [ 0.172987 -0.984924 -0.000000 ]
		Tangent [ 0.000000 0.000000 1.000000 ]
		Color 0
		U0 0.250000
		V0 0.875388
		U1 0.250000
		V1 0.875388
	Vertex
		Position [ 0.000000 -1131.160889 0.000000 ]
		Normal [ -0.000000 -1.000000 0.000000 ]
		Tangent [ -0.258819 0.000000 0.965926 ]
		Color 0
		U0 0.000000
		V0 1.000000
		U1 0.000000
		V1 1.000000
	Vertex
		Position [ 754.569885 -979.614014 435.651031 ]
		Normal [ 0.306825 -0.935135 0.177146 ]
		Tangent [ -0.500000 0.000000 0.866025 ]
		Color 0
		U0 0.333333
		V0 0.768606
		U1 0.333333
		V1 0.768606
	Vertex
		Position [ 871.302185 -979.614014 -0.000076 ]
		Normal [ 0.354291 -0.935135 -0.000000 ]
		Tangent [ 0.000000 0.000000 1.000000 ]
		Color 0
		U0 0.250000
		V0 0.768606
		U1 0.250000
		V1 0.768606
	Vertex
		Position [ 1067.122925 -799.851501 616.103577 ]
		Normal [ 0.475808 -0.835549 0.274708 ]
		Tangent [ -0.500000 0.000000 0.866025 ]
		Color 0
		U0 0.333333
		V0 0.683269
		U1 0.333333
		V1 0.683269
	Vertex
		Position [ 1232.207397 -799.851501 -0.000108 ]
		Normal [ 0.549416 -0.835549 -0.000000 ]
		Tangent [ 0.000000 0.000000 1.000000 ]
		Color 0
		U0 0.250000
		V0 0.683269
		U1 0.250000
		V1 0.683269
	Vertex
		Position [ 1306.953491 -565.580444 754.569702 ]
		Normal [ 0.651606 -0.658695 0.376205 ]
		Tangent [ -0.500000 0.000000 0.866025 ]
		Color 0
		U0 0.333333
		V0 0.614136
		U1 0.333333
		V1 0.614136
	Vertex
		Position [ 1509.139648 -565.580444 -0.000132 ]
		Normal [ 0.752410 -0.658695 -0.000000 ]
		Tangent [ 0.000000 0.000000 1.000000 ]
		Color 0
		U0 0.250000
		V0 0.614136
		U1 0.250000
		V1 0.614136
	Vertex
		Position [ 1457.717163 -292.765961 841.613159 ]
		Normal [ 0.802688 -0.375398 0.463432 ]
		Tangent [ -0.500000 0.000000 0.866025 ]
		Color 0
		U0 0.333333
		V0 0.554816
		U1 0.333333
		V1 0.554816
	Vertex
		Position [ 1683.226563 -292.765961 -0.000147 ]
		Normal [ 0.926864 -0.375398 -0.000000 ]
		Tangent [ 0.000000 0.000000 1.000000 ]
		Color 0
		U0 0.250000
		V0 0.554816
		U1 0.250000
		V1 0.554816
	Vertex
		Position [ 1509.139771 -0.000000 871.302063 ]
		Normal [ 0.866025 0.000000 0.500000 ]
		Tangent [ -0.500000 0.000000 0.866025 ]
		Color 0
		U0 0.333333
		V0 0.500000
		U1 0.333333
		V1 0.500000
	Vertex
		Position [ 1742.604370 -0.000000 -0.000152 ]
		Normal [ 1.000000 0.000000 -0.000000 ]
		Tangent [ 0.000000 0.000000 1.000000 ]
		Color 0
		U0 0.250000
		V0 0.500000
		U1 0.250000
		V1 0.500000
	Vertex
		Position [ 1457.717163 292.765961 841.613159 ]
		Normal [ 0.802688 0.375398 0.463432 ]
		Tangent [ -0.500000 0.000000 0.866025 ]
		Color 0
		U0 0.333333
		V0 0.445184
		U1 0.333333
		V1 0.445184
	Vertex
		Position [ 1683.226563 292.765961 -0.000147 ]
		Normal [ 0.926864 0.375398 -0.000000 ]
		Tangent [ 0.000000 0.000000 1.000000 ]
		Color 0
		U0 0.250000
		V0 0.445184
		U1 0.250000
		V1 0.445184
	Vertex
		Position [ 1306.953491 565.580444 754.569702 ]
		Normal [ 0.651606 0.658695 0.376205 ]
		Tangent [ -0.500000 0.000000 0.866025 ]
		Color 0
		U0 0.333333
		V0 0.385864
		U1 0.333333
		V1 0.385864
	Vertex
		Position [ 1509.139648 565.580444 -0.000132 ]
		Normal [ 0.752410 0.658695 -0.000000 ]
		Tangent [ 0.000000 0.000000 1.000000 ]
		Color 0
		U0 0.250000
		V0 0.385864
		U1 0.250000
		V1 0.385864
	Vertex
		Position [ 1067.122925 799.851501 616.103577 ]
		Normal [ 0.475808 0.835549 0.274708 ]
		Tangent [ -0.500000 0.000000 0.866025 ]
		Color 0
		U0 0.333333
		V0 0.316731
		U1 0.333333
		V1 0.316731
	Vertex
		Position [ 1232.207397 799.851501 -0.000108 ]
		Normal [ 0.549416 0.835549 -0.000000 ]
		Tangent [ 0.000000 0.000000 1.000000 ]
		Color 0
		U0 0.250000
		V0 0.316731
		U1 0.250000
		V1 0.316731
	Vertex
		Position [ 754.569885 979.614014 435.651031 ]
		Normal [ 0.306825 0.935135 0.177146 ]
		Tangent [ -0.500000 0.000000 0.866025 ]
		Color 0
		U0 0.333333
		V0 0.231394
		U1 0.333333
		V1 0.231394
	Vertex
		Position [ 871.302185 979.614014 -0.000076 ]
		Normal [ 0.354291 0.935135 -0.000000 ]
		Tangent [ 0.000000 -0.000000 1.000000 ]
		Color 0
		U0 0.250000
		V0 0.231394
		U1 0.250000
		V1 0.231394
	Vertex
		Position [ 390.594116 1092.617432 225.509567 ]
		Normal [ 0.149811 0.984924 0.086493 ]
		Tangent [ -0.500000 0.000000 0.866025 ]
		Color 0
		U0 0.333333
		V0 0.124612
		U1 0.333333
		V1 0.124612
	Vertex
		Position [ 451.019196 1092.617432 -0.000039 ]
		Normal [ 0.172987 0.984924 -0.000000 ]
		Tangent [ 0.000000 0.000000 1.000000 ]
		Color 0
		U0 0.250000
		V0 0.124612
		U1 0.250000
		V1 0.124612
	Vertex
		Position [ 0.000000 1131.160889 0.000000 ]
		Normal [ 0.000000 1.000000 0.000000 ]
		Tangent [ -0.258819 0.000000 0.965926 ]
		Color 0
		U0 0.000000
		V0 0.000000
		U1 0.000000
		V1 0.000000
	Vertex
		Position [ 225.509628 -1092.617432 390.594055 ]
		Normal [ 0.086493 -0.984924 0.149811 ]
		Tangent [ -0.866025 0.000000 0.500000 ]
		Color 0
		U0 0.416667
		V0 0.875388
		U1 0.416667
		V1 0.875388
	Vertex
		Position [ 0.000000 -1131.160889 0.000000 ]
		Normal [ -0.000000 -1.000000 0.000000 ]
		Tangent [ -0.866025 0.000000 0.500000 ]
		Color 0
		U0 0.000000
		V0 1.000000
		U1 0.000000
		V1 1.000000
	Vertex
		Position [ 435.651154 -979.614014 754.569763 ]
		Normal [ 0.177146 -0.935135 0.306825 ]
		Tangent [ -0.866025 0.000000 0.500000 ]
		Color 0
		U0 0.416667
		V0 0.768606
		U1 0.416667
		V1 0.768606
	Vertex
		Position [ 616.103821 -799.851501 1067.122925 ]
		Normal [ 0.274708 -0.835549 0.475808 ]
		Tangent [ -0.866025 0.000000 0.500000 ]
		Color 0
		U0 0.416667
		V0 0.683269
		U1 0.416667
		V1 0.683269
	Vertex
		Position [ 754.569946 -565.580444 1306.953247 ]
		Normal [ 0.376205 -0.658695 0.651606 ]
		Tangent [ -0.866025 0.000000 0.500000 ]
		Color 0
		U0 0.416667
		V0 0.614136
		U1 0.416667
		V1 0.614136
	Vertex
		Position [ 841.613403 -292.765961 1457.716919 ]
		Normal [ 0.463432 -0.375398 0.802688 ]
		Tangent [ -0.866025 0.000000 0.500000 ]
		Color 0
		U0 0.416667
		V0 0.554816
		U1 0.416667
		V1 0.554816
	Vertex
		Position [ 871.302307 -0.000000 1509.139526 ]
		Normal [ 0.500000 0.000000 0.866025 ]
		Tangent [ -0.866025 0.000000 0.500000 ]
		Color 0
		U0 0.416667
		V0 0.500000
		U1 0.416667
		V1 0.500000
	Vertex
		Position [ 841.613403 292.765961 1457.716919 ]
		Normal [ 0.463432 0.375398 0.802688 ]
		Tangent [ -0.866025 0.000000 0.500000 ]
		Color 0
		U0 0.416667
		V0 0.445184
		U1 0.416667
		V1 0.445184
	Vertex
		Position [ 754.569946 565.580444 1306.953247 ]
		Normal [ 0.376205 0.658695 0.651606 ]
		Tangent [ -0.866025 0.000000 0.500000 ]
		Color 0
		U0 0.416667
		V0 0.385864
		U1 0.416667
		V1 0.385864
	Vertex
		Position [ 616.103821 799.851501 1067.122925 ]
		Normal [ 0.274708 0.835549 0.475808 ]
		Tangent [ -0.866025 0.000000 0.500000 ]
		Color 0
		U0 0.416667
		V0 0.316731
		U1 0.416667
		V1 0.316731
	Vertex
		Position [ 435.651154 979.614014 754.569763 ]
		Normal [ 0.177146 0.935135 0.306825 ]
		Tangent [ -0.866025 0.000000 0.500000 ]
		Color 0
		U0 0.416667
		V0 0.231394
		U1 0.416667
		V1 0.231394
	Vertex
		Position [ 225.509628 1092.617432 390.594055 ]
		Normal [ 0.086493 0.984924 0.149811 ]
		Tangent [ -0.866025 0.000000 0.500000 ]
		Color 0
		U0 0.416667
		V0 0.124612
		U1 0.416667
		V1 0.124612
	Vertex
		Position [ 0.000039 -1092.617432 451.019196 ]
		Normal [ 0.000000 -0.984924 0.172987 ]
		Tangent [ -1.000000 0.000000 0.000000 ]
		Color 0
		U0 0.500000
		V0 0.875388
		U1 0.500000
		V1 0.875388
	Vertex
		Position [ 0.000076 -979.614014 871.302185 ]
		Normal [ 0.000000 -0.935135 0.354291 ]
		Tangent [ -1.000000 0.000000 0.000000 ]
		Color 0
		U0 0.500000
		V0 0.768606
		U1 0.500000
		V1 0.768606
	Vertex
		Position [ 0.000108 -799.851501 1232.207397 ]
		Normal [ 0.000000 -0.835549 0.549416 ]
		Tangent [ -1.000000 0.000000 0.000000 ]
		Color 0
		U0 0.500000
		V0 0.683269
		U1 0.500000
		V1 0.683269
	Vertex
		Position [ 0.000132 -565.580444 1509.139648 ]
		Normal [ 0.000000 -0.658695 0.752410 ]
		Tangent [ -1.000000 0.000000 0.000000 ]
		Color 0
		U0 0.500000
		V0 0.614136
		U1 0.500000
		V1 0.614136
	Vertex
		Position [ 0.000147 -292.765961 1683.226563 ]
		Normal [ 0.000000 -0.375398 0.926864 ]
		Tangent [ -1.000000 0.000000 0.000000 ]
		Color 0
		U0 0.500000
		V0 0.554816
		U1 0.500000
		V1 0.554816
	Vertex
		Position [ 0.000152 -0.000000 1742.604370 ]
		Normal [ 0.000000 0.000000 1.000000 ]
		Tangent [ -1.000000 0.000000 0.000000 ]
		Color 0
		U0 0.500000
		V0 0.500000
		U1 0.500000
		V1 0.500000
	Vertex
		Position [ 0.000147 292.765961 1683.226563 ]
		Normal [ 0.000000 0.375398 0.926864 ]
		Tangent [ -1.000000 0.000000 0.000000 ]
		Color 0
		U0 0.500000
		V0 0.445184
		U1 0.500000
		V1 0.445184
	Vertex
		Position [ 0.000132 565.580444 1509.139648 ]
		Normal [ 0.000000 0.658695 0.752410 ]
		Tangent [ -1.000000 0.000000 0.000000 ]
		Color 0
		U0 0.500000
		V0 0.385864
		U1 0.500000
		V1 0.385864
	Vertex
		Position [ 0.000108 799.851501 1232.207397 ]
		Normal [ 0.000000 0.835549 0.549416 ]
		Tangent [ -1.000000 0.000000 0.000000 ]
		Color 0
		U0 0.500000
		V0 0.316731
		U1 0.500000
		V1 0.316731
	Vertex
		Position [ 0.000076 979.614014 871.302185 ]
		Normal [ 0.000000 0.935135 0.354291 ]
		Tangent [ -1.000000 0.000000 0.000000 ]
		Color 0
		U0 0.500000
		V0 0.231394
		U1 0.500000
		V1 0.231394
	Vertex
		Position [ 0.000039 1092.617432 451.019196 ]
		Normal [ 0.000000 0.984924 0.172987 ]
		Tangent [ -1.000000 0.000000 0.000000 ]
		Color 0
		U0 0.500000
		V0 0.124612
		U1 0.500000
		V1 0.124612
	Vertex
		Position [ 0.000000 1131.160889 0.000000 ]
		Normal [ 0.000000 1.000000 0.000000 ]
		Tangent [ -1.000000 0.000000 0.000000 ]
		Color 0
		U0 0.000000
		V0 0.000000
		U1 0.000000
		V1 0.000000
	Vertex
		Position [ -225.509567 -1092.617432 390.594116 ]
		Normal [ -0.086493 -0.984924 0.149811 ]
		Tangent [ -0.866025 0.000000 -0.500000 ]
		Color 0
		U0 0.583333
		V0 0.875388
		U1 0.583333
		V1 0.875388
	Vertex
		Position [ 0.000000 -1131.160889 0.000000 ]
		Normal [ -0.000000 -1.000000 0.000000 ]
		Tangent [ -0.866025 0.000000 -0.500000 ]
		Color 0
		U0 1.000000
		V0 1.000000
		U1 1.000000
		V1 1.000000
	Vertex
		Position [ -435.651031 -979.614014 754.569885 ]
		Normal [ -0.177146 -0.935135 0.306825 ]
		Tangent [ -0.866025 0.000000 -0.500000 ]
		Color 0
		U0 0.583333
		V0 0.768606
		U1 0.583333
		V1 0.768606
	Vertex
		Position [ -616.103577 -799.851501 1067.122925 ]
		Normal [ -0.274708 -0.835549 0.475808 ]
		Tangent [ -0.866025 0.000000 -0.500000 ]
		Color 0
		U0 0.583333
		V0 0.683269
		U1 0.583333
		V1 0.683269
	Vertex
		Position [ -754.569702 -565.580444 1306.953491 ]
		Normal [ -0.376205 -0.658695 0.651606 ]
		Tangent [ -0.866025 0.000000 -0.500000 ]
		Color 0
		U0 0.583333
		V0 0.614136
		U1 0.583333
		V1 0.614136
	Vertex
		Position [ -841.613159 -292.765961 1457.717163 ]
		Normal [ -0.463432 -0.375398 0.802688 ]
		Tangent [ -0.866025 0.000000 -0.500000 ]
		Color 0
		U0 0.583333
		V0 0.554816
		U1 0.583333
		V1 0.554816
	Vertex
		Position [ -871.302063 0.000000 1509.139771 ]
		Normal [ -0.500000 0.000000 0.866025 ]
		Tangent [ -0.866025 0.000000 -0.500000 ]
		Color 0
		U0 0.583333
		V0 0.500000
		U1 0.583333
		V1 0.500000
	Vertex
		Position [ -841.613159 292.765961 1457.717163 ]
		Normal [ -0.463432 0.375398 0.802688 ]
		Tangent [ -0.866025 0.000000 -0.500000 ]
		Color 0
		U0 0.583333
		V0 0.445184
		U1 0.583333
		V1 0.445184
	Vertex
		Position [ -754.569702 565.580444 1306.953491 ]
		Normal [ -0.376205 0.658695 0.651606 ]
		Tangent [ -0.866025 0.000000 -0.500000 ]
		Color 0
		U0 0.583333
		V0 0.385864
