TXT
MeshData
	maxDiffuseMipLevel 0
	hasValidTangents TRUE
	BoundingRadius 1617.567261
	MaxBoundingExtents [ 1250.190430 1519.498535 1252.497314 ]
	MinBoundingExtents [ -1250.209229 -1613.572510 -1252.488647 ]
	NumMaterials 1
	Material
		DiffuseTextureFileName "StarBasePsi-cl.dds"
		SelfIlluminationTextureFileName "StarBasePsi-da.dds"
		NormalTextureFileName "StarBasePsi-nm.dds"
		DisplacementTextureFileName ""
		TeamColorTextureFileName ""
		Diffuse ffffffff
		Ambient ffffffff
		Specular ffffffff
		Emissive ffffffff
		Glossiness 50.000000
	NumPoints 55
	Point
		DataString "9"
		Position [ -473.488678 26.935894 0.004419 ]
		Orientation
			 [ -0.000000 0.000000 -1.000000 ]
			 [ 0.000000 1.000000 0.000000 ]
			 [ 1.000000 0.000000 -0.000000 ]
	Point
		DataString "0"
		Position [ -1191.642578 28.026331 0.072770 ]
		Orientation
			 [ -0.000000 0.000000 1.000000 ]
			 [ 0.000000 1.000000 0.000000 ]
			 [ -1.000000 0.000000 -0.000000 ]
	Point
		DataString "1"
		Position [ -2.302443 195.332809 757.188049 ]
		Orientation
			 [ 1.000000 0.000000 0.000000 ]
			 [ 0.000000 1.000000 0.000000 ]
			 [ 0.000000 0.000000 1.000000 ]
	Point
		DataString "Flair-Flair_StarbasePsi_Whipit"
		Position [ -21.417362 25.217934 0.004380 ]
		Orientation
			 [ -0.000000 0.000000 1.000000 ]
			 [ 1.000000 -0.000000 0.000000 ]
			 [ 0.000000 1.000000 0.000000 ]
	Point
		DataString "Hangar"
		Position [ -1137.986938 28.674654 425.807800 ]
		Orientation
			 [ 0.328058 0.000000 0.944658 ]
			 [ 0.000000 1.000000 0.000000 ]
			 [ -0.944658 0.000000 0.328058 ]
	Point
		DataString "Weapon-0"
		Position [ -1189.058594 28.295328 231.212357 ]
		Orientation
			 [ 0.198583 0.000000 0.980084 ]
			 [ 0.000000 1.000000 0.000000 ]
			 [ -0.980084 0.000000 0.198583 ]
	Point
		DataString "Hangar"
		Position [ -911.518250 28.674654 797.055054 ]
		Orientation
			 [ 0.633363 0.000000 0.773855 ]
			 [ 0.000000 1.000000 0.000000 ]
			 [ -0.773855 0.000000 0.633363 ]
	Point
		DataString "Weapon-0"
		Position [ -975.741882 28.295328 719.575378 ]
		Orientation
			 [ 0.575908 0.000000 0.817515 ]
			 [ 0.000000 1.000000 0.000000 ]
			 [ -0.817515 0.000000 0.575908 ]
	Point
		DataString "Weapon-0"
		Position [ -715.469604 28.372728 978.133179 ]
		Orientation
			 [ 0.834319 0.000000 0.551282 ]
			 [ 0.000000 1.000000 0.000000 ]
			 [ -0.551282 0.000000 0.834319 ]
	Point
		DataString "Hangar"
		Position [ -366.741913 28.674654 1153.152954 ]
		Orientation
			 [ 0.949031 0.000000 0.315182 ]
			 [ 0.000000 1.000000 0.000000 ]
			 [ -0.315182 0.000000 0.949031 ]
	Point
		DataString "Weapon-0"
		Position [ -534.905151 28.231884 1085.358887 ]
		Orientation
			 [ 0.898318 0.000000 0.439346 ]
			 [ 0.000000 1.000000 0.000000 ]
			 [ -0.439346 0.000000 0.898318 ]
	Point
		DataString "Weapon-0"
		Position [ -30.844229 27.656384 1209.952515 ]
		Orientation
			 [ 0.997757 0.000000 0.066940 ]
			 [ 0.000000 1.000000 0.000000 ]
			 [ -0.066940 0.000000 0.997757 ]
	Point
		DataString "Weapon-0"
		Position [ 190.575043 26.999279 1194.168335 ]
		Orientation
			 [ 0.986401 0.000000 -0.164355 ]
			 [ 0.000000 1.000000 0.000000 ]
			 [ 0.164355 0.000000 0.986401 ]
	Point
		DataString "Hangar"
		Position [ 683.104919 28.674654 995.593933 ]
		Orientation
			 [ 0.819442 0.000000 -0.573162 ]
			 [ 0.000000 1.000000 0.000000 ]
			 [ 0.573162 0.000000 0.819442 ]
	Point
		DataString "Weapon-0"
		Position [ 330.981720 28.674654 1163.704102 ]
		Orientation
			 [ 0.951468 0.000000 -0.307747 ]
			 [ 0.000000 1.000000 0.000000 ]
			 [ 0.307747 0.000000 0.951468 ]
	Point
		DataString "Weapon-0"
		Position [ 526.920349 27.894882 1087.507813 ]
		Orientation
			 [ 0.895841 0.000000 -0.444376 ]
			 [ 0.000000 1.000000 0.000000 ]
			 [ 0.444376 0.000000 0.895841 ]
	Point
		DataString "Hangar"
		Position [ 1144.267578 28.674654 386.396912 ]
		Orientation
			 [ 0.286151 0.000000 -0.958185 ]
			 [ 0.000000 1.000000 0.000000 ]
			 [ 0.958185 0.000000 0.286151 ]
	Point
		DataString "Weapon-0"
		Position [ 938.287292 28.674654 761.503357 ]
		Orientation
			 [ 0.629835 0.000000 -0.776729 ]
			 [ 0.000000 1.000000 0.000000 ]
			 [ 0.776729 0.000000 0.629835 ]
	Point
		DataString "Weapon-0"
		Position [ 1063.020386 28.108232 576.477295 ]
		Orientation
			 [ 0.454954 0.000000 -0.890515 ]
			 [ 0.000000 1.000000 0.000000 ]
			 [ 0.890515 0.000000 0.454954 ]
	Point
		DataString "Hangar"
		Position [ 1147.354004 28.674654 -380.129944 ]
		Orientation
			 [ -0.299180 0.000000 -0.954197 ]
			 [ 0.000000 1.000000 0.000000 ]
			 [ 0.954197 0.000000 -0.299180 ]
	Point
		DataString "Weapon-0"
		Position [ 1123.022339 28.674654 446.517975 ]
		Orientation
			 [ 0.315911 0.000000 -0.948789 ]
			 [ 0.000000 1.000000 0.000000 ]
			 [ 0.948789 0.000000 0.315911 ]
	Point
		DataString "Weapon-0"
		Position [ 1181.589722 28.674654 245.492096 ]
		Orientation
			 [ 0.192384 0.000000 -0.981320 ]
			 [ 0.000000 1.000000 0.000000 ]
			 [ 0.981320 0.000000 0.192384 ]
	Point
		DataString "Weapon-2"
		Position [ 1221.226685 72.436287 13.254934 ]
		Orientation
			 [ 0.000937 0.000000 -1.000000 ]
			 [ 0.000000 1.000000 0.000000 ]
			 [ 1.000000 0.000000 0.000937 ]
	Point
		DataString "Hangar"
		Position [ 783.577820 28.674654 -918.455017 ]
		Orientation
			 [ -0.751375 0.000000 -0.659875 ]
			 [ 0.000000 1.000000 0.000000 ]
			 [ 0.659875 0.000000 -0.751375 ]
	Point
		DataString "Weapon-0"
		Position [ 1173.896362 28.674654 -283.414551 ]
		Orientation
			 [ -0.196314 0.000000 -0.980541 ]
			 [ 0.000000 1.000000 0.000000 ]
			 [ 0.980541 0.000000 -0.196314 ]
	Point
		DataString "Weapon-0"
		Position [ 1102.639038 28.674654 -493.638702 ]
		Orientation
			 [ -0.437105 0.000000 -0.899411 ]
			 [ 0.000000 1.000000 0.000000 ]
			 [ 0.899411 0.000000 -0.437105 ]
	Point
		DataString "Weapon-2"
		Position [ 1221.226685 72.436287 -11.750562 ]
		Orientation
			 [ 0.000937 0.000000 -1.000000 ]
			 [ 0.000000 1.000000 0.000000 ]
			 [ 1.000000 0.000000 0.000937 ]
	Point
		DataString "Hangar"
		Position [ 242.481476 28.674654 -1183.780029 ]
		Orientation
			 [ -0.979998 0.000000 -0.199009 ]
			 [ 0.000000 1.000000 0.000000 ]
			 [ 0.199009 0.000000 -0.979998 ]
	Point
		DataString "Weapon-0"
		Position [ 1037.107788 28.674654 -620.936279 ]
		Orientation
			 [ -0.551313 0.000000 -0.834298 ]
			 [ 0.000000 1.000000 0.000000 ]
			 [ 0.834298 0.000000 -0.551313 ]
	Point
		DataString "Weapon-2"
		Position [ 9.283538 72.436287 1223.750977 ]
		Orientation
			 [ 1.000000 0.000000 0.000937 ]
			 [ 0.000000 1.000000 0.000000 ]
			 [ -0.000937 0.000000 1.000000 ]
	Point
		DataString "Weapon-0"
		Position [ 912.864868 28.794573 -791.266968 ]
		Orientation
			 [ -0.666049 0.000000 -0.745908 ]
			 [ 0.000000 1.000000 0.000000 ]
			 [ 0.745908 0.000000 -0.666049 ]
	Point
		DataString "Weapon-2"
		Position [ -15.721957 72.436287 1223.750977 ]
		Orientation
			 [ 1.000000 0.000000 0.000937 ]
			 [ 0.000000 1.000000 0.000000 ]
			 [ -0.000937 0.000000 1.000000 ]
	Point
		DataString "Weapon-0"
		Position [ 339.230560 28.674654 -1160.652100 ]
		Orientation
			 [ -0.947805 0.000000 -0.318851 ]
			 [ 0.000000 1.000000 0.000000 ]
			 [ 0.318851 0.000000 -0.947805 ]
	Point
		DataString "Weapon-2"
		Position [ -13.761318 72.436287 -1223.716919 ]
		Orientation
			 [ -1.000000 0.000000 -0.000937 ]
			 [ 0.000000 1.000000 0.000000 ]
			 [ 0.000937 0.000000 -1.000000 ]
	Point
		DataString "Hangar"
		Position [ -548.174561 28.674654 -1078.897339 ]
		Orientation
			 [ -0.898510 0.000000 0.438954 ]
			 [ 0.000000 1.000000 0.000000 ]
			 [ -0.438954 0.000000 -0.898510 ]
	Point
		DataString "Weapon-0"
		Position [ 120.205093 28.674654 -1203.402344 ]
		Orientation
			 [ -0.997579 0.000000 -0.069541 ]
			 [ 0.000000 1.000000 0.000000 ]
			 [ 0.069541 0.000000 -0.997579 ]
	Point
		DataString "Weapon-2"
		Position [ 11.015533 72.436287 -1223.696411 ]
		Orientation
			 [ -1.000000 0.000000 -0.000937 ]
			 [ 0.000000 1.000000 0.000000 ]
			 [ 0.000937 0.000000 -1.000000 ]
	Point
		DataString "Hangar"
		Position [ -911.383972 28.674654 -797.361572 ]
		Orientation
			 [ -0.656870 0.000000 0.754004 ]
			 [ 0.000000 1.000000 0.000000 ]
			 [ -0.754004 0.000000 -0.656870 ]
	Point
		DataString "Weapon-0"
		Position [ -23.759514 28.674654 -1211.027710 ]
		Orientation
			 [ -0.998078 0.000000 0.061975 ]
			 [ 0.000000 1.000000 0.000000 ]
			 [ -0.061975 0.000000 -0.998078 ]
	Point
		DataString "Weapon-2"
		Position [ 1221.226685 -20.290409 -11.750562 ]
		Orientation
			 [ 0.000937 0.000000 -1.000000 ]
			 [ 0.000000 1.000000 0.000000 ]
			 [ 1.000000 0.000000 0.000937 ]
	Point
		DataString "Above"
		Position [ -2.302509 1835.673584 0.004378 ]
		Orientation
			 [ 1.000000 0.000000 0.000000 ]
			 [ 0.000000 1.000000 0.000000 ]
			 [ 0.000000 0.000000 1.000000 ]
	Point
		DataString "Aura"
		Position [ -2.302509 -1798.184814 0.004378 ]
		Orientation
			 [ 1.000000 0.000000 0.000000 ]
			 [ 0.000000 1.000000 0.000000 ]
			 [ 0.000000 0.000000 1.000000 ]
	Point
		DataString "Center"
		Position [ -2.302509 26.935894 0.004378 ]
		Orientation
			 [ 1.000000 0.000000 0.000000 ]
			 [ 0.000000 1.000000 0.000000 ]
			 [ 0.000000 0.000000 1.000000 ]
	Point
		DataString "Hangar"
		Position [ -1093.091675 28.674654 -522.162964 ]
		Orientation
			 [ -0.436318 0.000000 0.899793 ]
			 [ 0.000000 1.000000 0.000000 ]
			 [ -0.899793 0.000000 -0.436318 ]
	Point
		DataString "Weapon-0"
		Position [ -234.064392 28.674654 -1186.678833 ]
		Orientation
			 [ -0.979074 0.000000 0.203503 ]
			 [ 0.000000 1.000000 0.000000 ]
			 [ -0.203503 0.000000 -0.979074 ]
	Point
		DataString "Weapon-0"
		Position [ -843.357788 28.475760 -870.848877 ]
		Orientation
			 [ -0.740818 0.000000 0.671706 ]
			 [ 0.000000 1.000000 0.000000 ]
			 [ -0.671706 0.000000 -0.740818 ]
	Point
		DataString "Weapon-0"
		Position [ -988.783813 28.344162 -701.382446 ]
		Orientation
			 [ -0.566841 0.000000 0.823827 ]
			 [ 0.000000 1.000000 0.000000 ]
			 [ -0.823827 0.000000 -0.566841 ]
	Point
		DataString "Weapon-0"
		Position [ -1064.852539 28.674654 -578.524048 ]
		Orientation
			 [ -0.440144 0.000000 0.897927 ]
			 [ 0.000000 1.000000 0.000000 ]
			 [ -0.897927 0.000000 -0.440144 ]
	Point
		DataString "Weapon-0"
		Position [ -1148.093384 28.674654 -386.477509 ]
		Orientation
			 [ -0.325382 0.000000 0.945583 ]
			 [ 0.000000 1.000000 0.000000 ]
			 [ -0.945583 0.000000 -0.325382 ]
	Point
		DataString "Weapon-2"
		Position [ 9.283538 -20.290409 1223.750977 ]
		Orientation
			 [ 1.000000 0.000000 0.000937 ]
			 [ 0.000000 1.000000 0.000000 ]
			 [ -0.000937 0.000000 1.000000 ]
	Point
		DataString "Weapon-2"
		Position [ -15.721957 -20.290409 1223.750977 ]
		Orientation
			 [ 1.000000 0.000000 0.000937 ]
			 [ 0.000000 1.000000 0.000000 ]
			 [ -0.000937 0.000000 1.000000 ]
	Point
		DataString "Weapon-2"
		Position [ 11.015533 -20.290409 -1223.696411 ]
		Orientation
			 [ -1.000000 0.000000 -0.000937 ]
			 [ 0.000000 1.000000 0.000000 ]
			 [ 0.000937 0.000000 -1.000000 ]
	Point
		DataString "Weapon-2"
		Position [ -13.761318 -20.290409 -1223.716919 ]
		Orientation
			 [ -1.000000 0.000000 -0.000937 ]
			 [ 0.000000 1.000000 0.000000 ]
			 [ 0.000937 0.000000 -1.000000 ]
	Point
		DataString "Weapon-2"
		Position [ 1221.226685 -20.290409 13.254934 ]
		Orientation
			 [ 0.000937 0.000000 -1.000000 ]
			 [ 0.000000 1.000000 0.000000 ]
			 [ 1.000000 0.000000 0.000937 ]
	Point
		DataString "Flair-Flair_StarbasePsi_Persistant2"
		Position [ -1195.816040 25.913969 0.000105 ]
		Orientation
			 [ -0.000000 0.000000 1.000000 ]
			 [ 0.000000 1.000000 0.000000 ]
			 [ -1.000000 0.000000 -0.000000 ]
	NumVertices 6874
	Vertex
		Position [ -1189.555908 23.586378 13.074046 ]
		Normal [ -0.966894 0.077658 -0.243074 ]
		Tangent [ -0.372549 0.501961 0.015686 ]
		Color 0
		U0 0.086213
		V0 0.833057
		U1 0.000000
		V1 0.000000
	Vertex
		Position [ -1189.566162 26.935894 13.592904 ]
		Normal [ -0.953192 0.000000 -0.302365 ]
		Tangent [ -0.411765 0.501961 0.003922 ]
		Color 0
		U0 0.085659
		V0 0.829923
		U1 0.000000
		V1 0.000000
	Vertex
		Position [ -1194.969604 22.078833 22.767591 ]
		Normal [ -0.781767 0.115480 -0.612784 ]
		Tangent [ -0.172549 0.513726 0.117647 ]
		Color 0
		U0 0.075261
		V0 0.834607
		U1 0.000000
		V1 0.000000
	Vertex
		Position [ -1194.969604 31.792955 22.767591 ]
		Normal [ -0.781767 -0.115480 -0.612784 ]
		Tangent [ -0.176471 0.513726 0.117647 ]
		Color 0
		U0 0.075291
		V0 0.825306
		U1 0.000000
		V1 0.000000
	Vertex
		Position [ -1194.969604 31.792955 -22.758625 ]
		Normal [ -0.781767 -0.115480 0.612784 ]
		Tangent [ -0.819608 0.482353 0.117647 ]
		Color 0
		U0 0.123224
		V0 0.825287
		U1 0.000000
		V1 0.000000
	Vertex
		Position [ -1189.644287 27.006145 -13.716643 ]
		Normal [ -0.872292 -0.000900 0.488985 ]
		Tangent [ -0.588235 0.494118 0.003922 ]
		Color 0
		U0 0.112977
		V0 0.829899
		U1 0.000000
		V1 0.000000
	Vertex
		Position [ -1194.969604 22.078833 -22.758625 ]
		Normal [ -0.781668 0.114925 0.613015 ]
		Tangent [ -0.823529 0.482353 0.117647 ]
		Color 0
		U0 0.123202
		V0 0.834582
		U1 0.000000
		V1 0.000000
	Vertex
		Position [ -1189.555908 30.285408 -13.065082 ]
		Normal [ -0.966894 -0.077658 0.243074 ]
		Tangent [ -0.623529 0.494118 0.011765 ]
		Color 0
		U0 0.112266
		V0 0.826874
		U1 0.000000
		V1 0.000000
	Vertex
		Position [ -1189.566162 26.935894 -13.583941 ]
		Normal [ -0.968960 -0.000697 0.247215 ]
		Tangent [ -0.584314 0.494118 0.003922 ]
		Color 0
		U0 0.112827
		V0 0.829967
		U1 0.000000
		V1 0.000000
	Vertex
		Position [ 692.614075 164.530563 -606.364990 ]
		Normal [ 0.223967 0.959215 -0.172471 ]
		Tangent [ -0.698039 0.462745 0.043137 ]
		Color 0
		U0 0.735914
		V0 0.316511
		U1 0.000000
		V1 0.000000
	Vertex
		Position [ 694.695740 163.165207 -608.549805 ]
		Normal [ 0.361578 0.877752 -0.314345 ]
		Tangent [ -0.709804 0.427451 0.050980 ]
		Color 0
		U0 0.739832
		V0 0.326103
		U1 0.000000
		V1 0.000000
	Vertex
		Position [ 695.703918 163.341812 -606.257690 ]
		Normal [ 0.431896 0.886631 -0.165382 ]
		Tangent [ -0.686275 0.501961 0.035294 ]
		Color 0
		U0 0.731902
		V0 0.326055
		U1 0.000000
		V1 0.000000
	Vertex
		Position [ 693.572205 160.193207 -607.888977 ]
		Normal [ 0.698349 -0.078754 -0.711412 ]
		Tangent [ -0.831373 0.650980 0.156863 ]
		Color 0
		U0 0.685009
		V0 0.328409
		U1 0.000000
		V1 0.000000
	Vertex
		Position [ 691.543579 160.513031 -608.743896 ]
		Normal [ 0.014944 0.028921 -0.999470 ]
		Tangent [ -0.823529 0.874510 0.505882 ]
		Color 0
		U0 0.692328
		V0 0.331993
		U1 0.000000
		V1 0.000000
	Vertex
		Position [ 691.338257 159.617126 -608.962524 ]
		Normal [ 0.059895 0.223672 -0.972822 ]
		Tangent [ -0.831373 0.866667 0.560784 ]
		Color 0
		U0 0.690471
		V0 0.334699
		U1 0.000000
		V1 0.000000
	Vertex
		Position [ 693.627319 159.256149 -607.997253 ]
		Normal [ 0.700885 0.122798 -0.702624 ]
		Tangent [ -0.847059 0.647059 0.172549 ]
		Color 0
		U0 0.684115
		V0 0.331378
		U1 0.000000
		V1 0.000000
	Vertex
		Position [ 693.726440 160.855011 -608.007446 ]
		Normal [ 0.666851 -0.279401 -0.690829 ]
		Tangent [ -0.788235 0.592157 0.101961 ]
		Color 0
		U0 0.685621
		V0 0.325970
		U1 0.000000
		V1 0.000000
	Vertex
		Position [ 691.698853 161.174820 -608.862366 ]
		Normal [ -0.031149 -0.169297 -0.985073 ]
		Tangent [ -0.862745 0.800000 0.337255 ]
		Color 0
		U0 0.693760
		V0 0.329933
		U1 0.000000
		V1 0.000000
	Vertex
		Position [ 696.510864 161.326614 -610.801086 ]
		Normal [ 0.055406 -0.992133 -0.112263 ]
		Tangent [ -0.741176 0.470588 0.062745 ]
		Color 0
		U0 0.688791
		V0 0.313372
		U1 0.000000
		V1 0.000000
	Vertex
		Position [ 691.932739 162.048569 -612.729553 ]
		Normal [ -0.218298 -0.948968 -0.227607 ]
		Tangent [ -0.847059 0.513726 0.141176 ]
		Color 0
		U0 0.700124
		V0 0.317882
		U1 0.000000
		V1 0.000000
	Vertex
		Position [ 691.698853 161.174820 -608.862366 ]
		Normal [ -0.218298 -0.948968 -0.227607 ]
		Tangent [ -0.862745 0.800000 0.337255 ]
		Color 0
		U0 0.693760
		V0 0.329933
		U1 0.000000
		V1 0.000000
	Vertex
		Position [ 693.726440 160.855011 -608.007446 ]
		Normal [ 0.055406 -0.992133 -0.112263 ]
		Tangent [ -0.788235 0.592157 0.101961 ]
		Color 0
		U0 0.685621
		V0 0.325970
		U1 0.000000
		V1 0.000000
	Vertex
		Position [ 692.406738 163.526184 -609.514099 ]
		Normal [ 0.213562 0.903220 -0.372269 ]
		Tangent [ -0.717647 0.372549 0.066667 ]
		Color 0
		U0 0.745482
		V0 0.320513
		U1 0.000000
		V1 0.000000
	Vertex
		Position [ 691.932739 162.048569 -612.729553 ]
		Normal [ 0.208850 0.876570 -0.433598 ]
		Tangent [ -0.847059 0.513726 0.141176 ]
		Color 0
		U0 0.756251
		V0 0.324394
		U1 0.000000
		V1 0.000000
	Vertex
		Position [ 696.510864 161.326614 -610.801086 ]
		Normal [ 0.405818 0.840420 -0.359173 ]
		Tangent [ -0.741176 0.470588 0.062745 ]
		Color 0
		U0 0.744703
		V0 0.335951
		U1 0.000000
		V1 0.000000
	Vertex
		Position [ 698.527222 161.679825 -606.216858 ]
		Normal [ 0.502477 0.849636 -0.160108 ]
		Tangent [ -0.615686 0.462745 0.015686 ]
		Color 0
		U0 0.728369
		V0 0.335932
		U1 0.000000
		V1 0.000000
	Vertex
		Position [ 689.569153 161.121811 -607.921631 ]
		Normal [ -0.650482 0.234097 -0.722546 ]
		Tangent [ -0.592157 0.933333 0.725490 ]
		Color 0
		U0 0.698346
		V0 0.337532
		U1 0.000000
		V1 0.000000
	Vertex
		Position [ 689.109497 160.304352 -608.035034 ]
		Normal [ -0.564162 0.416232 -0.713072 ]
		Tangent [ -0.556863 0.905882 0.780392 ]
		Color 0
		U0 0.696174
		V0 0.339791
		U1 0.000000
		V1 0.000000
	Vertex
		Position [ 689.724426 161.783600 -608.041138 ]
		Normal [ -0.710858 0.040127 -0.702190 ]
		Tangent [ -0.631373 0.952941 0.658824 ]
		Color 0
		U0 0.700224
		V0 0.335815
		U1 0.000000
		V1 0.000000
	Vertex
		Position [ 687.475220 163.422913 -610.874634 ]
		Normal [ -0.484781 -0.866814 -0.116706 ]
		Tangent [ -0.925490 0.745098 0.427451 ]
		Color 0
		U0 0.710927
		V0 0.327371
		U1 0.000000
		V1 0.000000
	Vertex
		Position [ 689.724426 161.783600 -608.041138 ]
		Normal [ -0.484781 -0.866814 -0.116706 ]
		Tangent [ -0.925490 0.745098 0.427451 ]
		Color 0
		U0 0.700224
		V0 0.335815
		U1 0.000000
		V1 0.000000
	Vertex
		Position [ 690.177917 164.213409 -608.586609 ]
		Normal [ 0.074042 0.947109 -0.312252 ]
		Tangent [ -0.713726 0.372549 0.066667 ]
		Color 0
		U0 0.745522
		V0 0.312540
		U1 0.000000
		V1 0.000000
	Vertex
		Position [ 687.475220 163.422913 -610.874634 ]
		Normal [ 0.025998 0.934992 -0.353714 ]
		Tangent [ -0.713726 0.345098 0.074510 ]
		Color 0
		U0 0.756251
		V0 0.308098
		U1 0.000000
		V1 0.000000
	Vertex
		Position [ 696.800964 162.901474 -601.663269 ]
		Normal [ 0.072729 -0.897998 0.433946 ]
		Tangent [ -0.294118 0.313726 0.082353 ]
		Color 0
		U0 0.664458
		V0 0.315034
		U1 0.000000
		V1 0.000000
	Vertex
		Position [ 698.527222 161.679825 -606.216858 ]
		Normal [ 0.175975 -0.971014 0.161752 ]
		Tangent [ -0.615686 0.462745 0.015686 ]
		Color 0
		U0 0.677150
		V0 0.312378
		U1 0.000000
		V1 0.000000
	Vertex
		Position [ 694.619141 161.011490 -605.977844 ]
		Normal [ 0.175975 -0.971014 0.161752 ]
		Tangent [ -0.537255 0.384314 0.011765 ]
		Color 0
		U0 0.676994
		V0 0.325659
		U1 0.000000
		V1 0.000000
	Vertex
		Position [ 693.855103 161.552658 -603.960510 ]
		Normal [ 0.072729 -0.897998 0.433946 ]
		Tangent [ -0.258824 0.247059 0.141176 ]
		Color 0
		U0 0.669050
		V0 0.327601
		U1 0.000000
		V1 0.000000
	Vertex
		Position [ 693.855103 161.552658 -603.960510 ]
		Normal [ 0.710857 -0.040124 0.702191 ]
		Tangent [ -0.258824 0.247059 0.141176 ]
		Color 0
		U0 0.669050
		V0 0.327601
		U1 0.000000
		V1 0.000000
	Vertex
		Position [ 694.619141 161.011490 -605.977844 ]
		Normal [ 0.974105 -0.225953 0.008048 ]
		Tangent [ -0.537255 0.384314 0.011765 ]
		Color 0
		U0 0.676994
		V0 0.325659
		U1 0.000000
		V1 0.000000
	Vertex
		Position [ 694.464905 160.349701 -605.858337 ]
		Normal [ 0.999291 -0.025996 -0.027218 ]
		Tangent [ -0.513726 0.364706 0.015686 ]
		Color 0
		U0 0.677227
		V0 0.328074
		U1 0.000000
		V1 0.000000
	Vertex
		Position [ 693.699890 160.890762 -603.841980 ]
		Normal [ 0.741590 0.156145 0.652428 ]
		Tangent [ -0.200000 0.200000 0.231373 ]
		Color 0
		U0 0.669828
		V0 0.329813
		U1 0.000000
		V1 0.000000
	Vertex
		Position [ 694.635498 159.432755 -605.706116 ]
		Normal [ 0.983082 0.172726 -0.060959 ]
		Tangent [ -0.505882 0.368627 0.015686 ]
		Color 0
		U0 0.677413
		V0 0.330992
		U1 0.000000
		V1 0.000000
	Vertex
		Position [ 693.772400 160.043579 -603.429321 ]
		Normal [ 0.741406 0.343705 0.576355 ]
		Tangent [ -0.172549 0.211765 0.250980 ]
		Color 0
		U0 0.670711
		V0 0.332539
		U1 0.000000
		V1 0.000000
	Vertex
		Position [ 694.840820 163.952637 -603.980896 ]
		Normal [ 0.376067 0.926509 -0.012439 ]
		Tangent [ -0.670588 0.560784 0.031373 ]
		Color 0
		U0 0.726383
		V0 0.320436
		U1 0.000000
		V1 0.000000
	Vertex
		Position [ 696.800964 162.901474 -601.663269 ]
		Normal [ 0.427988 0.902541 0.047383 ]
		Tangent [ -0.654902 0.596078 0.031373 ]
		Color 0
		U0 0.716878
		V0 0.324355
		U1 0.000000
		V1 0.000000
	Vertex
		Position [ 692.612000 164.639862 -603.053467 ]
		Normal [ 0.226481 0.972860 0.047426 ]
		Tangent [ -0.674510 0.560784 0.035294 ]
		Color 0
		U0 0.726345
		V0 0.312557
		U1 0.000000
		V1 0.000000
	Vertex
		Position [ 692.343384 164.275818 -599.808350 ]
		Normal [ 0.225371 0.965960 0.127003 ]
		Tangent [ -0.662745 0.596078 0.035294 ]
		Color 0
		U0 0.716886
		V0 0.308047
		U1 0.000000
		V1 0.000000
	Vertex
		Position [ 692.343384 164.275818 -599.808350 ]
		Normal [ -0.193771 -0.815841 0.544845 ]
		Tangent [ -0.125490 0.254902 0.266667 ]
		Color 0
		U0 0.653516
		V0 0.321122
		U1 0.000000
		V1 0.000000
	Vertex
		Position [ 691.880676 162.161331 -603.139282 ]
		Normal [ -0.193771 -0.815841 0.544845 ]
		Tangent [ -0.137255 0.160784 0.407843 ]
		Color 0
		U0 0.661513
		V0 0.331112
		U1 0.000000
		V1 0.000000
	Vertex
		Position [ 691.880676 162.161331 -603.139282 ]
		Normal [ 0.031311 0.169992 0.984948 ]
		Tangent [ -0.137255 0.160784 0.407843 ]
		Color 0
		U0 0.661513
		V0 0.331112
		U1 0.000000
		V1 0.000000
	Vertex
		Position [ 691.725403 161.499542 -603.019714 ]
		Normal [ 0.076184 0.361432 0.929281 ]
		Tangent [ -0.180392 0.129412 0.615686 ]
		Color 0
		U0 0.663000
		V0 0.333094
		U1 0.000000
		V1 0.000000
	Vertex
		Position [ 691.542603 160.730804 -602.501892 ]
		Normal [ 0.117412 0.535825 0.836126 ]
		Tangent [ -0.168627 0.160784 0.666667 ]
		Color 0
		U0 0.664604
		V0 0.335469
		U1 0.000000
		V1 0.000000
	Vertex
		Position [ 690.322998 165.000839 -604.018738 ]
		Normal [ 0.078162 0.996727 -0.020647 ]
		Tangent [ -0.690196 0.501961 0.035294 ]
		Color 0
		U0 0.731929
		V0 0.306942
		U1 0.000000
		V1 0.000000
	Vertex
		Position [ 687.765259 164.997879 -601.737854 ]
		Normal [ 0.027835 0.999083 0.032526 ]
		Tangent [ -0.690196 0.517647 0.035294 ]
		Color 0
		U0 0.728438
		V0 0.296545
		U1 0.000000
		V1 0.000000
	Vertex
		Position [ 687.765259 164.997879 -601.737854 ]
		Normal [ -0.467451 -0.772671 0.429499 ]
		Tangent [ -0.090196 0.215686 0.431373 ]
		Color 0
		U0 0.645532
		V0 0.330444
		U1 0.000000
		V1 0.000000
	Vertex
		Position [ 689.852112 162.481140 -603.994202 ]
		Normal [ -0.467451 -0.772671 0.429499 ]
		Tangent [ -0.090196 0.215686 0.431373 ]
		Color 0
		U0 0.656264
		V0 0.337161
		U1 0.000000
		V1 0.000000
	Vertex
		Position [ 689.852112 162.481140 -603.994202 ]
		Normal [ -0.666689 0.280098 0.690704 ]
		Tangent [ -0.388235 0.090196 0.768627 ]
		Color 0
		U0 0.656264
		V0 0.337161
		U1 0.000000
		V1 0.000000
	Vertex
		Position [ 689.697876 161.819351 -603.874695 ]
		Normal [ -0.607146 0.469256 0.641228 ]
		Tangent [ -0.427451 0.133333 0.831373 ]
		Color 0
		U0 0.658088
		V0 0.338496
		U1 0.000000
		V1 0.000000
	Vertex
		Position [ 689.254517 161.091782 -603.466125 ]
		Normal [ -0.523372 0.636961 0.566006 ]
		Tangent [ -0.462745 0.184314 0.886275 ]
		Color 0
		U0 0.660120
		V0 0.340069
		U1 0.000000
		V1 0.000000
	Vertex
		Position [ 689.314819 164.824234 -606.309814 ]
		Normal [ 0.017905 0.985375 -0.169455 ]
		Tangent [ -0.705882 0.423529 0.047059 ]
		Color 0
		U0 0.739870
		V0 0.306921
		U1 0.000000
		V1 0.000000
	Vertex
		Position [ 685.748962 164.644562 -606.322083 ]
		Normal [ -0.049066 0.984859 -0.166270 ]
		Tangent [ -0.705882 0.411765 0.050980 ]
		Color 0
		U0 0.744741
		V0 0.296579
		U1 0.000000
		V1 0.000000
	Vertex
		Position [ 685.748962 164.644562 -606.322083 ]
		Normal [ -0.588003 -0.793775 0.155477 ]
		Tangent [ -0.098039 0.200000 0.482353 ]
		Color 0
		U0 0.642017
		V0 0.344423
		U1 0.000000
		V1 0.000000
	Vertex
		Position [ 688.959351 162.324661 -606.023804 ]
		Normal [ -0.588003 -0.793775 0.155477 ]
		Tangent [ -0.098039 0.200000 0.482353 ]
		Color 0
		U0 0.653348
		V0 0.343132
		U1 0.000000
		V1 0.000000
	Vertex
		Position [ 688.959351 162.324661 -606.023804 ]
		Normal [ -0.974104 0.225959 -0.008047 ]
		Tangent [ -0.588235 0.117647 0.807843 ]
		Color 0
		U0 0.653348
		V0 0.343132
		U1 0.000000
		V1 0.000000
	Vertex
		Position [ 688.805115 161.662872 -605.905334 ]
		Normal [ -0.908167 0.416398 -0.042963 ]
		Tangent [ -0.658824 0.184314 0.854902 ]
		Color 0
		U0 0.654836
		V0 0.343912
		U1 0.000000
		V1 0.000000
	Vertex
		Position [ 688.245361 160.915176 -605.758240 ]
		Normal [ -0.805653 0.587530 -0.075711 ]
		Tangent [ -0.701961 0.266667 0.890196 ]
		Color 0
		U0 0.656663
		V0 0.345510
		U1 0.000000
		V1 0.000000
	Vertex
		Position [ 685.748962 164.644562 -606.322083 ]
		Normal [ -0.588003 -0.793775 0.155477 ]
		Tangent [ -0.898039 0.796078 0.513726 ]
		Color 0
		U0 0.716835
		V0 0.340051
		U1 0.000000
		V1 0.000000
	Vertex
		Position [ 688.959351 162.324661 -606.023804 ]
		Normal [ -0.588003 -0.793775 0.155477 ]
		Tangent [ -0.898039 0.796078 0.513726 ]
		Color 0
		U0 0.704973
		V0 0.341927
		U1 0.000000
		V1 0.000000
	Vertex
		Position [ 688.959351 162.324661 -606.023804 ]
		Normal [ -0.974104 0.225959 -0.008047 ]
		Tangent [ -0.400000 0.929412 0.729412 ]
		Color 0
		U0 0.704973
		V0 0.341927
		U1 0.000000
		V1 0.000000
	Vertex
		Position [ 688.805115 161.662872 -605.905334 ]
		Normal [ -0.908167 0.416398 -0.042963 ]
		Tangent [ -0.337255 0.874510 0.784314 ]
		Color 0
		U0 0.703271
		V0 0.343304
		U1 0.000000
		V1 0.000000
	Vertex
		Position [ 688.245361 160.915176 -605.758240 ]
		Normal [ -0.805653 0.587530 -0.075711 ]
		Tangent [ -0.298039 0.815686 0.831373 ]
		Color 0
		U0 0.701413
		V0 0.345510
		U1 0.000000
		V1 0.000000
	Vertex
		Position [ 695.704041 163.341812 606.266357 ]
		Normal [ 0.431896 0.886631 0.165382 ]
		Tangent [ -0.686275 0.505882 0.960784 ]
		Color 0
		U0 0.731902
		V0 0.326055
		U1 0.000000
		V1 0.000000
	Vertex
		Position [ 694.695862 163.165207 608.558472 ]
		Normal [ 0.361578 0.877752 0.314345 ]
		Tangent [ -0.709804 0.427451 0.945098 ]
		Color 0
		U0 0.739832
		V0 0.326103
		U1 0.000000
		V1 0.000000
	Vertex
		Position [ 692.614197 164.530563 606.373596 ]
		Normal [ 0.223967 0.959215 0.172471 ]
		Tangent [ -0.698039 0.462745 0.952941 ]
		Color 0
		U0 0.735914
		V0 0.316511
		U1 0.000000
		V1 0.000000
	Vertex
		Position [ 693.627441 159.256149 608.005859 ]
		Normal [ 0.700885 0.122798 0.702624 ]
		Tangent [ -0.847059 0.643137 0.823529 ]
		Color 0
		U0 0.684115
		V0 0.331378
		U1 0.000000
		V1 0.000000
	Vertex
		Position [ 691.338379 159.617126 608.971130 ]
		Normal [ 0.059895 0.223672 0.972822 ]
		Tangent [ -0.835294 0.858824 0.435294 ]
		Color 0
		U0 0.690471
		V0 0.334699
		U1 0.000000
		V1 0.000000
	Vertex
		Position [ 691.543701 160.513031 608.752563 ]
		Normal [ 0.014944 0.028921 0.999470 ]
		Tangent [ -0.827451 0.874510 0.490196 ]
		Color 0
		U0 0.692328
		V0 0.331993
		U1 0.000000
		V1 0.000000
	Vertex
		Position [ 693.572327 160.193207 607.897583 ]
		Normal [ 0.698349 -0.078754 0.711412 ]
		Tangent [ -0.831373 0.647059 0.839216 ]
		Color 0
		U0 0.685009
		V0 0.328409
		U1 0.000000
		V1 0.000000
	Vertex
		Position [ 691.698975 161.174820 608.871033 ]
		Normal [ -0.031149 -0.169297 0.985073 ]
		Tangent [ -0.882353 0.780392 0.654902 ]
		Color 0
		U0 0.693760
		V0 0.329933
		U1 0.000000
		V1 0.000000
	Vertex
		Position [ 693.726563 160.855011 608.016052 ]
		Normal [ 0.666851 -0.279401 0.690829 ]
		Tangent [ -0.796078 0.588235 0.890196 ]
		Color 0
		U0 0.685621
		V0 0.325970
		U1 0.000000
		V1 0.000000
	Vertex
		Position [ 693.726563 160.855011 608.016052 ]
		Normal [ 0.055406 -0.992133 0.112263 ]
		Tangent [ -0.796078 0.588235 0.890196 ]
		Color 0
		U0 0.685621
		V0 0.325970
		U1 0.000000
		V1 0.000000
	Vertex
		Position [ 691.698975 161.174820 608.871033 ]
		Normal [ -0.218298 -0.948968 0.227607 ]
		Tangent [ -0.882353 0.780392 0.654902 ]
		Color 0
		U0 0.693760
		V0 0.329933
		U1 0.000000
		V1 0.000000
	Vertex
		Position [ 691.932861 162.048569 612.738220 ]
		Normal [ -0.218298 -0.948968 0.227607 ]
		Tangent [ -0.905882 0.650980 0.741176 ]
		Color 0
		U0 0.700124
		V0 0.317882
		U1 0.000000
		V1 0.000000
	Vertex
		Position [ 696.510986 161.326614 610.809753 ]
		Normal [ 0.055406 -0.992133 0.112263 ]
		Tangent [ -0.745098 0.470588 0.929412 ]
		Color 0
		U0 0.688791
		V0 0.313372
		U1 0.000000
		V1 0.000000
	Vertex
		Position [ 696.510986 161.326614 610.809753 ]
		Normal [ 0.405818 0.840420 0.359173 ]
		Tangent [ -0.745098 0.470588 0.929412 ]
		Color 0
		U0 0.744703
		V0 0.335951
		U1 0.000000
		V1 0.000000
	Vertex
		Position [ 691.932861 162.048569 612.738220 ]
		Normal [ 0.208850 0.876570 0.433598 ]
		Tangent [ -0.725490 0.345098 0.917647 ]
		Color 0
		U0 0.756251
		V0 0.324394
		U1 0.000000
		V1 0.000000
	Vertex
		Position [ 692.406860 163.526184 609.522705 ]
		Normal [ 0.213562 0.903220 0.372269 ]
		Tangent [ -0.721569 0.372549 0.929412 ]
		Color 0
		U0 0.745482
		V0 0.320513
		U1 0.000000
		V1 0.000000
	Vertex
		Position [ -675.183167 -439.207825 -322.602081 ]
		Normal [ -0.038339 0.576621 -0.816112 ]
		Tangent [ -0.690196 0.117647 0.239216 ]
		Color 0
		U0 0.454139
		V0 0.523211
		U1 0.000000
		V1 0.000000
	Vertex
		Position [ -683.770630 -438.450531 -321.717499 ]
		Normal [ -0.189836 0.555039 -0.809873 ]
		Tangent [ -0.686275 0.098039 0.266667 ]
		Color 0
		U0 0.456238
		V0 0.500923
		U1 0.000000
		V1 0.000000
	Vertex
		Position [ -683.355164 -440.983368 -322.850708 ]
		Normal [ -0.201444 0.238053 -0.950132 ]
		Tangent [ -0.654902 0.031373 0.415686 ]
		Color 0
		U0 0.461372
		V0 0.504589
		U1 0.000000
		V1 0.000000
	Vertex
		Position [ -675.472900 -441.852020 -324.125641 ]
		Normal [ -0.107419 0.256771 -0.960484 ]
		Tangent [ -0.658824 0.035294 0.392157 ]
		Color 0
		U0 0.459460
		V0 0.525553
		U1 0.000000
		V1 0.000000
	Vertex
		Position [ -687.929810 -439.442322 -320.766571 ]
		Normal [ -0.398415 0.534402 -0.745439 ]
		Tangent [ -0.682353 0.078431 0.294118 ]
		Color 0
		U0 0.461110
		V0 0.490598
		U1 0.000000
		V1 0.000000
	Vertex
		Position [ -686.610229 -440.954498 -321.865875 ]
		Normal [ -0.305269 0.245945 -0.919958 ]
		Tangent [ -0.650980 0.027451 0.423529 ]
		Color 0
		U0 0.463397
		V0 0.495767
		U1 0.000000
		V1 0.000000
	Vertex
		Position [ -687.614868 -441.677612 -321.633545 ]
		Normal [ -0.420067 -0.252736 -0.871590 ]
		Tangent [ -0.568627 0.031373 0.666667 ]
		Color 0
		U0 0.465781
		V0 0.493595
		U1 0.000000
		V1 0.000000
	Vertex
		Position [ -683.447571 -442.766449 -322.926422 ]
		Normal [ -0.285392 -0.288174 -0.914061 ]
		Tangent [ -0.568627 0.031373 0.666667 ]
		Color 0
		U0 0.465781
		V0 0.505621
		U1 0.000000
		V1 0.000000
	Vertex
		Position [ -674.685364 -436.540192 -320.625031 ]
		Normal [ -0.012480 0.662171 -0.749249 ]
		Tangent [ -0.698039 0.152941 0.196078 ]
		Color 0
		U0 0.449090
		V0 0.520981
		U1 0.000000
		V1 0.000000
	Vertex
		Position [ -683.636841 -436.398712 -319.741791 ]
		Normal [ -0.198002 0.681831 -0.704203 ]
		Tangent [ -0.694118 0.141176 0.207843 ]
		Color 0
		U0 0.452857
		V0 0.498215
		U1 0.000000
		V1 0.000000
	Vertex
		Position [ -651.698425 -439.647491 -321.741150 ]
		Normal [ 0.057329 0.784636 -0.617300 ]
		Tangent [ -0.698039 0.223529 0.129412 ]
		Color 0
		U0 0.447290
		V0 0.580313
		U1 0.000000
		V1 0.000000
	Vertex
		Position [ -664.927551 -437.903107 -321.132660 ]
		Normal [ 0.038248 0.733975 -0.678098 ]
		Tangent [ -0.698039 0.192157 0.156863 ]
		Color 0
		U0 0.448405
		V0 0.546225
		U1 0.000000
		V1 0.000000
	Vertex
		Position [ -664.570007 -440.507141 -324.029205 ]
		Normal [ -0.002998 0.625196 -0.780462 ]
		Tangent [ -0.694118 0.137255 0.211765 ]
		Color 0
		U0 0.452149
		V0 0.551281
		U1 0.000000
		V1 0.000000
	Vertex
		Position [ -649.525513 -442.937134 -326.100891 ]
		Normal [ 0.012750 0.650516 -0.759386 ]
		Tangent [ -0.694118 0.149020 0.196078 ]
		Color 0
		U0 0.450749
		V0 0.591506
		U1 0.000000
		V1 0.000000
	Vertex
		Position [ -691.797852 -439.745270 -318.015778 ]
		Normal [ -0.486410 0.619950 -0.615685 ]
		Tangent [ -0.690196 0.105882 0.254902 ]
		Color 0
		U0 0.465781
		V0 0.479010
		U1 0.000000
		V1 0.000000
	Vertex
		Position [ -688.877197 -438.265594 -318.681030 ]
		Normal [ -0.408391 0.681781 -0.606953 ]
		Tangent [ -0.694118 0.133333 0.219608 ]
		Color 0
		U0 0.460410
		V0 0.485734
		U1 0.000000
		V1 0.000000
	Vertex
		Position [ -675.514954 -444.417419 -324.221863 ]
		Normal [ -0.200822 -0.306684 -0.930385 ]
		Tangent [ -0.568627 0.031373 0.666667 ]
		Color 0
		U0 0.465781
		V0 0.527249
		U1 0.000000
		V1 0.000000
	Vertex
		Position [ -664.289063 -446.581604 -325.579285 ]
		Normal [ -0.167111 -0.313316 -0.934830 ]
		Tangent [ -0.568627 0.031373 0.666667 ]
		Color 0
		U0 0.465781
		V0 0.557341
		U1 0.000000
		V1 0.000000
	Vertex
		Position [ -664.502136 -443.294495 -325.745941 ]
		Normal [ -0.086447 0.239864 -0.966950 ]
		Tangent [ -0.658824 0.035294 0.396078 ]
		Color 0
		U0 0.457520
		V0 0.554758
		U1 0.000000
		V1 0.000000
	Vertex
		Position [ -689.884644 -440.967590 -320.606079 ]
		Normal [ -0.432413 0.446224 -0.783520 ]
		Tangent [ -0.670588 0.054902 0.341176 ]
		Color 0
		U0 0.465781
		V0 0.486695
		U1 0.000000
		V1 0.000000
	Vertex
		Position [ -632.982971 -306.025269 -380.421631 ]
		Normal [ -0.689300 -0.700441 -0.185060 ]
		Tangent [ -0.439216 0.317647 0.960784 ]
		Color 0
		U0 0.470452
		V0 0.490598
		U1 0.000000
		V1 0.000000
	Vertex
		Position [ -633.878967 -304.928986 -378.270569 ]
		Normal [ -0.724196 -0.689451 0.014088 ]
		Tangent [ -0.392157 0.400000 0.976471 ]
		Color 0
		U0 0.471152
		V0 0.485734
		U1 0.000000
		V1 0.000000
	Vertex
		Position [ -629.905090 -308.752594 -376.981812 ]
		Normal [ -0.548688 -0.835646 -0.025220 ]
		Tangent [ -0.388235 0.411765 0.976471 ]
		Color 0
		U0 0.478705
		V0 0.498215
		U1 0.000000
		V1 0.000000
	Vertex
		Position [ -629.678833 -308.837952 -379.823090 ]
		Normal [ -0.516570 -0.835503 -0.187322 ]
		Tangent [ -0.419608 0.345098 0.968627 ]
		Color 0
		U0 0.475324
		V0 0.500923
		U1 0.000000
		V1 0.000000
	Vertex
		Position [ -598.589355 -318.219696 -382.285492 ]
		Normal [ 0.835140 0.222940 0.502831 ]
		Tangent [ -0.768627 0.752941 0.831373 ]
		Color 0
		U0 0.418394
		V0 0.570856
		U1 0.000000
		V1 0.000000
	Vertex
		Position [ -597.119507 -316.705811 -384.024933 ]
		Normal [ 0.817535 0.054843 0.573262 ]
		Tangent [ -0.756863 0.756863 0.839216 ]
		Color 0
		U0 0.414217
		V0 0.579589
		U1 0.000000
		V1 0.000000
	Vertex
		Position [ -596.029541 -317.862488 -385.597900 ]
		Normal [ 0.768704 0.100326 0.631688 ]
		Tangent [ -0.792157 0.752941 0.811765 ]
		Color 0
		U0 0.406281
		V0 0.579589
		U1 0.000000
		V1 0.000000
	Vertex
		Position [ -597.063538 -320.043030 -383.359161 ]
		Normal [ 0.828509 0.251538 0.500302 ]
		Tangent [ -0.772549 0.752941 0.827451 ]
		Color 0
		U0 0.409593
		V0 0.568431
		U1 0.000000
		V1 0.000000
	Vertex
		Position [ -599.209839 -318.709473 -380.377441 ]
		Normal [ 0.818294 0.412308 0.400495 ]
		Tangent [ -0.784314 0.752941 0.819608 ]
		Color 0
		U0 0.423219
		V0 0.565745
		U1 0.000000
		V1 0.000000
	Vertex
		Position [ -597.948730 -320.519196 -380.905121 ]
		Normal [ 0.842785 0.403540 0.356188 ]
		Tangent [ -0.764706 0.756863 0.835294 ]
		Color 0
		U0 0.416247
		V0 0.562245
		U1 0.000000
		V1 0.000000
	Vertex
		Position [ -601.212463 -317.648651 -377.682159 ]
		Normal [ 0.814947 0.395230 0.423858 ]
		Tangent [ -0.788235 0.752941 0.815686 ]
		Color 0
		U0 0.435391
		V0 0.562821
		U1 0.000000
		V1 0.000000
	Vertex
		Position [ -600.573547 -319.016724 -376.565094 ]
		Normal [ 0.824796 0.467959 0.317375 ]
		Tangent [ -0.772549 0.756863 0.827451 ]
		Color 0
		U0 0.434324
		V0 0.557462
		U1 0.000000
		V1 0.000000
	Vertex
		Position [ -601.303284 -316.520569 -378.086914 ]
		Normal [ 0.846163 0.179675 0.501722 ]
		Tangent [ -0.756863 0.756863 0.839216 ]
		Color 0
		U0 0.436665
		V0 0.566815
		U1 0.000000
		V1 0.000000
	Vertex
		Position [ -597.441650 -321.872162 -381.538971 ]
		Normal [ 0.880513 0.311402 0.357387 ]
		Tangent [ -0.733333 0.756863 0.854902 ]
		Color 0
		U0 0.411298
		V0 0.559611
		U1 0.000000
		V1 0.000000
	Vertex
		Position [ -596.308899 -321.477875 -384.032928 ]
		Normal [ 0.846340 0.203132 0.492388 ]
		Tangent [ -0.756863 0.756863 0.839216 ]
		Color 0
		U0 0.403926
		V0 0.565839
		U1 0.000000
		V1 0.000000
	Vertex
		Position [ -599.779968 -320.014618 -376.476135 ]
		Normal [ 0.860566 0.404324 0.309755 ]
		Tangent [ -0.745098 0.756863 0.847059 ]
		Color 0
		U0 0.431194
		V0 0.555014
		U1 0.000000
		V1 0.000000
	Vertex
		Position [ -594.932922 -318.771332 -386.695984 ]
		Normal [ 0.770278 0.098955 0.629984 ]
		Tangent [ -0.788235 0.752941 0.815686 ]
		Color 0
		U0 0.399914
		V0 0.579589
		U1 0.000000
		V1 0.000000
	Vertex
		Position [ -611.736633 -316.323303 -380.357422 ]
		Normal [ -0.363760 -0.926890 -0.092491 ]
		Tangent [ -0.388235 0.407843 0.976471 ]
		Color 0
		U0 0.479413
		V0 0.551281
		U1 0.000000
		V1 0.000000
	Vertex
		Position [ -611.021545 -315.853729 -383.518036 ]
		Normal [ -0.340894 -0.791928 -0.506598 ]
		Tangent [ -0.494118 0.227451 0.917647 ]
		Color 0
		U0 0.474042
		V0 0.554758
		U1 0.000000
		V1 0.000000
	Vertex
		Position [ -621.311035 -311.529785 -382.815826 ]
		Normal [ -0.364861 -0.789922 -0.492849 ]
		Tangent [ -0.490196 0.231373 0.921569 ]
		Color 0
		U0 0.472101
		V0 0.525553
		U1 0.000000
		V1 0.000000
	Vertex
		Position [ -621.683167 -312.180115 -379.843353 ]
		Normal [ -0.385933 -0.909186 -0.156320 ]
		Tangent [ -0.403922 0.376471 0.972549 ]
		Color 0
		U0 0.477423
		V0 0.523211
		U1 0.000000
		V1 0.000000
	Vertex
		Position [ -612.437073 -315.746674 -376.552765 ]
		Normal [ -0.344797 -0.936694 0.060992 ]
		Tangent [ -0.356863 0.478431 0.976471 ]
		Color 0
		U0 0.483157
		V0 0.546225
		U1 0.000000
		V1 0.000000
	Vertex
		Position [ -621.788574 -312.603912 -376.514374 ]
		Normal [ -0.379582 -0.924020 -0.045878 ]
		Tangent [ -0.380392 0.427451 0.980392 ]
		Color 0
